0
0.0155
0.031
0.0465
0.062
0.07475
0.0875
0.10025
0.113
0.12575
0.1385
0.15125
0.164
0.305
0.326
0.347
0.368
0.379625
0.39125
0.402875
0.4145
0.426125
0.43775
0.449375
0.461
0.555
0.564
0.573
0.582
0.591
0.6
0.609
0.618
0.8055
0.993
1.1805
1.3804
1.3928
1.4052
1.4176
1.43
1.465714286
1.501428571
1.537142857
1.572857143
1.608571429
1.644285714
1.68
1.6928
1.7056
1.7184
1.7312
1.744
1.757285714
1.770571429
1.783857143
1.797142857
1.810428571
1.823714286
1.837
1.869
1.8845
1.9
1.9155
1.931
1.942142857
1.953285714
1.964428571
1.975571429
1.986714286
1.997857143
2.009
2.181
2.243
2.250875
2.25875
2.266625
2.2745
2.282375
2.29025
2.298125
2.306
2.451666667
2.597333333
2.743
2.752
2.761
2.77
2.779
2.788
2.797
2.806
2.837166667
2.868333333
2.8995
2.930666667
2.961833333
2.993
3.00075
3.0085
3.01625
3.024
3.03175
3.0395
3.04725
3.055
3.08625
3.1175
3.14875
3.201
3.222
3.243
3.24975
3.2565
3.26325
3.27
3.27675
3.2835
3.29025
3.297
3.485
3.4974
3.5098
3.5222
3.5346
3.547
3.5575
3.568
3.5785
3.589
3.5995
3.61
3.7975
3.985
4.016
4.047
4.054875
4.06275
4.070625
4.0785
4.086375
4.09425
4.102125
4.11
4.172
4.2466
4.2592
4.2718
4.2844
4.297
4.332714286
4.368428571
4.404142857
4.439857143
4.475571429
4.511285714
4.547
4.555857143
4.564714286
4.573571429
4.582428571
4.591285714
4.600142857
4.609
4.629833333
4.650666667
4.6715
4.692333333
4.713166667
4.734
4.7575
4.781
4.8045
4.828
4.8342
4.8404
4.8466
4.8528
4.859
4.866875
4.87475
4.882625
4.8905
4.898375
4.90625
4.914125
4.922
4.939857143
4.957714286
4.975571429
4.993428571
5.011285714
5.029142857
5.0665
5.086
5.1055
5.125
5.131714286
5.138428571
5.145142857
5.151857143
5.158571429
5.165285714
5.172
5.297
5.30475
5.3125
5.32025
5.328
5.33575
5.3435
5.35125
5.359
5.366875
5.37475
5.382625
5.3905
5.398375
5.40625
5.414125
5.422
5.4322
5.4424
5.4526
5.4628
5.473
5.499333333
5.525666667
5.552
5.559875
5.56775
5.575625
5.5835
5.591375
5.59925
5.607125
5.615
5.64625
5.6775
5.70875
5.74
5.75575
5.7715
5.78725
5.803
5.811857143
5.820714286
5.829571429
5.838428571
5.847285714
5.856142857
5.865
5.87475
5.8845
5.89425
5.904
5.91375
5.9235
5.93325
5.943
5.9648
5.9866
6.0084
6.0302
6.060666667
6.069333333
6.078
6.086666667
6.095333333
6.104
6.1164
6.1288
6.1412
6.1536
6.166
6.291
6.300875
6.31075
6.320625
6.3305
6.340375
6.35025
6.360125
6.37
6.427333333
6.484666667
6.542
6.604
6.61175
6.6195
6.62725
6.635
6.64275
6.6505
6.65825
6.666
6.673875
6.68175
6.689625
6.6975
6.705375
6.71325
6.721125