0.009666666667
0.02
0.029
0.038
0.047
0.056
0.065
0.074
0.083
0.09075
0.0985
0.10625
0.114
0.12175
0.1295
0.13725
0.145
0.152875
0.16075
0.168625
0.1765
0.184375
0.19225
0.200125
0.208
0.2168571429
0.2257142857
0.2345714286
0.2434285714
0.2522857143
0.2611428571
0.27
0.277875
0.28575
0.293625
0.3015
0.309375
0.31725
0.325125
0.333
0.344625
0.35625
0.367875
0.3795
0.391125
0.40275
0.414375
0.426
0.43
0.434
0.438
0.442
0.446
0.45
0.454
0.458
0.4668571429
0.4757142857
0.4845714286
0.4934285714
0.5022857143
0.5111428571
0.52
0.527875
0.53575
0.543625
0.5515
0.559375
0.56725
0.575125
0.583
0.583
0.583
0.583
0.583
0.583
0.583
0.614
0.645
0.6576
0.6702
0.6828
0.6954
0.708
0.71575
0.7235
0.73125
0.739
0.74675
0.7545
0.76225
0.77
0.77975
0.7895
0.79925
0.809
0.81875
0.8285
0.83825
0.848
0.8547142857
0.8614285714
0.8681428571
0.8748571429
0.8815714286
0.8882857143
0.895
0.90675
0.9185
0.93025
0.942
0.95375
0.9655
0.97725
0.989
0.992875
0.99675
1.000625
1.0045
1.008375
1.01225
1.016125
1.02
1.02775
1.0355
1.04325
1.051
1.05875
1.0665
1.07425
1.082
1.091
1.1
1.109
1.118
1.127
1.136
1.145
1.15275
1.1605
1.16825
1.176
1.18375
1.1915
1.19925
1.207
1.2175
1.228
1.2385
1.249
1.2595
1.27
1.278857143
1.287714286
1.296571429
1.305428571
1.314285714
1.323142857
1.332
1.341875
1.35175
1.361625
1.3715
1.381375
1.39125
1.401125
1.411
1.416875
1.42275
1.428625
1.4345
1.440375
1.44625
1.452125
1.458
1.471285714
1.484571429
1.497857143
1.511142857
1.524428571
1.537714286
1.551
1.555
1.559
1.563
1.567
1.571
1.575
1.579
1.583
1.59075
1.5985
1.60625
1.614
1.62175
1.6295
1.63725
1.645
1.654
1.663
1.672
1.681
1.69
1.699
1.708
1.71575
1.7235
1.73125
1.739
1.74675
1.7545
1.76225
1.77
1.777875
1.78575
1.793625
1.8015
1.809375
1.81725
1.825125
1.833
1.84075
1.8485
1.85625
1.864
1.87175
1.8795
1.88725
1.895
1.9106
1.9262
1.9418
1.9574
1.973
1.978875
1.98475
1.990625
1.9965
2.002375
2.00825
2.014125
2.02
2.03175
2.0435
2.05525
2.067
2.07875
2.0905
2.10225
2.114
2.118428571
2.122857143
2.127285714
2.131714286
2.136142857
2.140571429
2.145
2.15275
2.1605
2.16825
2.176
2.18375
2.1915
2.19925
2.207
2.214875
2.22275
2.230625
2.2385
2.246375
2.25425
2.262125
2.27
2.278857143
2.287714286
2.296571429
2.305428571
2.314285714
2.323142857
2.332
2.339875
2.34775
2.355625
2.3635
2.371375
2.37925
2.387125
2.395
2.40275
2.4105
2.41825
2.426
2.43375
2.4415
2.44925
2.457
2.464875
2.47275
2.480625
2.4885
2.496375
2.50425
2.512125
2.52
2.5326
2.5452
2.5578
2.5704
2.583
2.59325
2.6035
2.61375
2.624
2.63425
2.6445
2.65475
2.665
2.669
2.673
2.677
2.681
2.685
2.689
2.693
2.697
2.705857143
2.714714286
2.723571429
2.732428571
2.741285714
2.750142857
2.759
2.7695
2.78
2.7905
2.801
2.8115
2.822
2.82975
2.8375
2.84525
2.853
2.86075
2.8685
2.87625
2.884
2.89175
2.8995
2.90725
2.915
2.92275
2.9305
2.93825
2.946
2.955
2.964
2.973
2.982
2.991
3
3.009
3.01875
3.0285
3.03825
3.048
3.05775
3.0675
3.07725
3.087
3.092875
3.09875
3.104625
3.1105
3.116375
3.12225
3.128125
3.134
3.142857143
3.151714286
3.160571429
3.169428571
3.178285714
3.187142857
3.196
3.203875
3.21175
3.219625
3.2275
3.235375
3.24325
3.251125
3.259
3.26675
3.2745
3.28225
3.29
3.29775
3.3055
3.31325
3.321
3.33
3.339
3.348
3.357
3.366
3.375
3.384
3.394333333
3.404666667
3.415
3.425333333
3.435666667
3.446
3.453875
3.46175
3.469625
3.4775
3.485375
3.49325
3.501125
3.509
3.51675
3.5245
3.53225
3.54
3.54775
3.5555
3.56325
3.571
3.582142857
3.593285714
3.604428571
3.615571429
3.626714286
3.637857143
3.649
3.654875
3.66075
3.666625
3.6725
3.678375
3.68425
3.690125
3.696
3.703875
3.71175
3.719625
3.7275
3.735375
3.74325
3.751125
3.759
3.767857143
3.776714286
3.785571429
3.794428571
3.803285714
3.812142857
3.821
3.828875
3.83675
3.844625
3.8525
3.860375
3.86825
3.876125
3.884
3.89175
3.8995
3.90725
3.915
3.92275
3.9305
3.93825
3.946
3.954857143
3.963714286
3.972571429
3.981428571
3.990285714
3.999142857
4.008
4.021166667
4.034333333
4.0475
4.060666667
4.073833333
4.087
4.092875
4.09875
4.104625
4.1105
4.116375
4.12225
4.128125
4.134
4.147285714
4.160571429
4.173857143
4.187142857
4.200428571
4.213714286
4.227
4.230875
4.23475
4.238625
4.2425
4.246375
4.25025
4.254125
4.258
4.265875
4.27375
4.281625
4.2895
4.297375
4.30525
4.313125
4.321
4.328875
4.33675
4.344625
4.3525
4.360375
4.36825
4.376125
4.384
4.392857143
4.401714286
4.410571429
4.419428571
4.428285714
4.437142857
4.446
4.45375
4.4615
4.46925
4.477
4.48475
4.4925
4.50025
4.508
4.515875
4.52375
4.531625
4.5395
4.547375
4.55525
4.563125
4.571
4.579857143
4.588714286
4.597571429
4.606428571
4.615285714
4.624142857
4.633
4.6435
4.654
4.6645
4.675
4.6855
4.696
4.70575
4.7155
4.72525
4.735
4.74475
4.7545
4.76425
4.774
4.780714286
4.787428571
4.794142857
4.800857143
4.807571429
4.814285714
4.821
4.828375
4.83575
4.843125
4.8505
4.857875
4.86525
4.872625
4.88
4.887875
4.89575
4.903625
4.9115
4.919375
4.92725
4.935125
4.943
4.95075
4.9585
4.96625
4.974
4.98175
4.9895
4.99725
5.005
5.014
5.023
5.032
5.041
5.05
5.059
5.068
5.07575
5.0835
5.09125
5.099
5.10675
5.1145
5.12225
5.13
5.137875
5.14575
5.153625
5.1615
5.169375
5.17725
5.185125
5.193
5.2056
5.2182
5.2308
5.2434
5.256
5.265625
5.27525
5.284875
5.2945
5.304125
5.31375
5.323375
5.333
5.339
5.345
5.351
5.357
5.363
5.369
5.375
5.381
5.389857143
5.398714286
5.407571429
5.416428571
5.425285714
5.434142857
5.443
5.536833333
5.630666667
5.7245
5.818333333
5.912166667
6.014857143
6.023714286
6.032571429
6.041428571
6.050285714
6.059142857
6.068
6.076857143
6.085714286
6.094571429
6.103428571
6.112285714
6.121142857
6.13
6.137875
6.14575
6.153625
6.1615
6.169375
6.17725
6.185125
6.193
6.20275
6.2125
6.22225
6.232
6.24175
6.2515
6.26125
6.271
6.277714286
6.284428571
6.291142857
6.297857143
6.304571429
6.311285714
6.318
6.32575
6.3335
6.34125
6.349