0
0.01575
0.0315
0.04725
0.063
0.076
0.089
0.102
0.115
0.128
0.141
0.29325
0.4455
0.59775
0.75
0.7655
0.781
0.7965
0.812
0.819
0.826
0.833
0.84
0.847
0.854
0.861
0.868
0.875
1.125
1.156
1.187
1.195666667
1.204333333
1.213
1.221666667
1.230333333
1.239
1.247666667
1.256333333
1.265
2.093
2.921
3.749
3.7614
3.7738
3.7862
3.7986
3.811
3.817888889
3.824777778
3.831666667
3.838555556
3.845444444
3.852333333
3.859222222
3.866111111
3.873
3.880875
3.88875
3.896625
3.9045
3.912375
3.92025
3.928125
3.936
4.008833333
4.081666667
4.1545
4.227333333
4.300166667
4.373
4.38875
4.4045
4.42025
4.436
4.442888889
4.449777778
4.456666667
4.463555556
4.470444444
4.477333333
4.484222222
4.491111111
4.498
4.686
4.706666667
4.727333333
4.748
4.757222222
4.766444444
4.775666667
4.784888889
4.794111111
4.803333333
4.812555556
4.821777778
4.831
5.003
5.175
5.237
5.24675
5.2565
5.26625
5.276
5.28575
5.2955
5.30525
5.315
5.362
5.409
5.456
5.503
5.55
5.560333333
5.570666667
5.581
5.591333333
5.601666667
5.612
5.627625
5.64325
5.658875
5.6745
5.690125
5.70575
5.721375
5.737
5.745857143
5.754714286
5.763571429
5.772428571
5.781285714
5.790142857
5.799
5.834714286
5.870428571
5.906142857
5.941857143
5.977571429
6.013285714
6.049
6.06475
6.0805
6.09625
6.112
6.118888889
6.125777778
6.132666667
6.139555556
6.146444444
6.153333333
6.160222222
6.167111111
6.174
6.2055
6.257666667
6.278333333
6.299
6.306875
6.31475
6.322625
6.3305
6.338375
6.34625
6.354125
6.362
6.424333333
6.486666667
6.549
6.612
6.618888889
6.625777778
6.632666667
6.639555556
6.646444444
6.653333333
6.660222222
6.667111111
6.674
6.783
6.892
7.001
7.11
7.118857143
7.127714286
7.136571429
7.145428571
7.154285714
7.163142857
7.172
7.207714286
7.243428571
7.279142857
7.314857143
7.350571429
7.386285714
7.422
7.430857143
7.439714286
7.448571429
7.457428571
7.466285714
7.475142857
7.484
7.502
7.52
7.538
7.556
7.574
7.592
7.61
7.641
7.672
7.703
7.706555556
7.710111111
7.713666667
7.717222222
7.720777778
7.724333333
7.727888889
7.731444444
7.735
7.8285
7.922
7.9375
7.953
7.9685
7.984
7.991
7.998
8.005
8.012
8.019
8.026
8.033
8.04
8.047
8.422
8.442666667
8.463333333
8.484
8.494444444
8.504888889
8.515333333
8.525777778
8.536222222
8.546666667
8.557111111
8.567555556
8.578
8.609333333
8.640666667
8.672
8.682333333
8.692666667
8.703
8.713333333
8.723666667
8.734
8.749625
8.76525
8.780875
8.7965
8.812125
8.82775
8.843375
8.859
8.868
8.877
8.886
8.895
8.904
8.913
8.922
8.933625
8.94525
8.956875
8.9685
8.980125
8.99175
9.003375
9.015
9.018875
9.02275
9.026625
9.0305
9.034375
9.03825
9.042125
9.046
9.053
9.06
9.067
9.074
9.081
9.088
9.095
9.102
9.109
9.116
9.123
9.13
9.137
9.144
9.151
9.158
9.165
9.172
9.182333333
9.192666667
9.203
9.213333333
9.223666667
9.234
9.24175
9.2495
9.25725
9.265
9.27275
9.2805
9.28825
9.296
9.303
9.31
9.317
9.324
9.331
9.338
9.345
9.352
9.359
9.374625
9.39025
9.405875
9.4215
9.437125
9.45275
9.468375
9.4995
9.515
9.5305
9.546
9.553
9.56
9.567
9.574
9.581
9.588
9.595
9.602
9.609
9.7025
9.734
9.741
9.748
9.755
9.762
9.769
9.776
9.783
9.79
9.797
9.8125
9.828
9.8435
9.859
9.8745
9.89
9.893555556
9.897111111
9.900666667
9.904222222
9.907777778
9.911333333
9.914888889
9.918444444
9.922
9.942666667
9.963333333
10.046
10.053
10.06
10.067
10.074
10.081
10.088
10.095
10.102
10.109
10.14025
10.1715
10.20275
10.24728571
10.26057143
10.27385714
10.28714286
10.30042857
10.31371429
10.327
10.33055556
10.33411111
10.33766667
10.34122222
10.34477778
10.34833333
10.35188889
10.35544444
10.359
10.36675
10.3745
10.38225
10.39
10.39775
10.4055
10.41325
10.421
10.428
10.435
10.442
10.449
10.456
10.463
10.47
10.477
10.484
10.49285714
10.50171429
10.51057143
10.51942857
10.52828571
10.53714286
10.546
10.55575
10.5655
10.57525
10.585
10.59475
10.6045
10.61425
10.624
10.63622222
10.64844444
10.66066667
10.67288889
10.68511111
10.69733333
10.70955556
10.72177778
10.74675
10.7595
10.77225
10.785
10.79533333
10.80566667
10.816
10.82633333
10.83666667
10.847
10.85577778
10.86455556
10.87333333
10.88211111
10.89088889
10.89966667
10.90844444
10.91722222
10.926
10.93111111
10.93622222
10.94133333
10.94644444
10.95155556
10.95666667
10.96177778
10.96688889
10.972
10.9875
11.003
11.0185
11.034
11.041
11.048
11.055
11.062
11.069
11.076
11.083
11.09
11.097
11.136
11.175
11.18385714
11.19271429
11.20157143
11.21042857
11.21928571
11.22814286
11.237
11.244875
11.25275
11.260625
11.2685
11.276375
11.28425
11.292125
11.3
11.307
11.314
11.321
11.328
11.335
11.342
11.349
11.356
11.363
11.37166667
11.38033333
11.389
11.39766667
11.40633333
11.415
11.42366667
11.43233333
11.441
11.44622222
11.45144444
11.45666667
11.46188889
11.46711111
11.47233333
11.47755556
11.48277778
11.488
11.49975
11.5115
11.52325
11.535
11.54675
11.5585
11.57025
11.582
11.58544444
11.58888889
11.59233333
11.59577778
11.59922222
11.60266667
11.60611111
11.60955556
11.613
11.61988889
11.62677778
11.63366667
11.64055556
11.64744444
11.65433333
11.66122222
11.66811111
11.675
11.682
11.689
11.696
11.703
11.71
11.717
11.724
11.731
11.738
11.753625
11.76925
11.784875
11.8005
11.816125
11.83175
11.847375
11.863
11.88366667
11.90433333
11.925
11.932
11.939
11.946
11.953
11.96
11.967
11.974
11.981
11.988
12.019
12.0815
12.113
12.124625
12.13625
12.147875
12.1595
12.171125
12.18275
12.194375
12.206
12.21057143
12.21514286
12.21971429
12.22428571
12.22885714
12.23342857
12.238
12.24488889
12.25177778
12.25866667
12.26555556
12.27244444
12.27933333
12.28622222
12.29311111
12.3
12.307
12.314
12.321
12.328
12.335
12.342
12.349
12.356
12.363
12.37075
12.3785
12.38625
12.394
12.40175
12.4095
12.41725
12.425
12.43366667
12.44233333
12.451
12.45966667
12.46833333
12.477
12.48566667
12.49433333
12.503
12.50971429
12.51642857
12.52314286
12.52985714
12.53657143
12.54328571
12.55
12.557
12.564
12.571
12.578
12.585
12.592
12.599
12.606
12.613
12.62075
12.6285
12.63625
12.644
12.65175
12.6595
12.66725
12.675
12.682
12.689
12.696
12.703
12.71
12.717
12.724
12.731
12.738
12.74666667
12.75533333
12.764
12.77266667
12.78133333
12.79
12.79866667
12.80733333
12.816
12.82122222
12.82644444
12.83166667
12.83688889
12.84211111
12.84733333
12.85255556
12.85777778
12.863
12.87075
12.8785
12.88625
12.894
12.90175
12.9095
12.91725
12.925
12.932
12.939
12.946
12.953
12.96
12.967
12.974
12.981
12.988
12.99488889
13.00177778
13.00866667
13.01555556
13.02244444
13.02933333
13.03622222
13.04311111
13.05
13.057
13.064
13.071
13.078
13.085
13.092
13.099
13.106
13.113
13.12333333
13.13366667
13.144
13.15433333
13.16466667
13.175
13.18544444
13.19588889
13.20633333
13.21677778
13.22722222
13.23766667
13.24811111
13.25855556
13.269
13.27675
13.2845
13.29225
13.3
13.307
13.314
13.321
13.328
13.335
13.342
13.349
13.356
13.363
13.388
13.413
13.438
13.463
13.497
13.506
13.515
13.524
13.533
13.542
13.551
13.55788889
13.56477778
13.57166667
13.57855556
13.58544444
13.59233333
13.59922222
13.60611111
13.613
13.62075
13.6285
13.63625
13.644
13.65175
13.6595
13.66725
13.675
13.70625
13.7375
13.76875
13.8
13.809
13.818
13.827
13.836
13.845
13.854
13.863
13.86988889
13.87677778
13.88366667
13.89055556
13.89744444
13.90433333
13.91122222
13.91811111
13.925
13.932
13.939
13.946
13.953
13.96
13.967
13.974
13.981
13.988
13.99575
14.0035
14.01125
14.019
14.02675
14.0345
14.04225
14.05
14.05866667
14.06733333
14.076
14.08466667
14.09333333
14.102
14.11066667
14.11933333
14.128
14.133875
14.13975
14.145625
14.1515
14.157375
14.16325
14.169125
14.175
14.182875
14.19075
14.198625
14.2065
14.214375
14.22225
14.230125
14.238
14.24488889
14.25177778
14.25866667
14.26555556
14.27244444
14.27933333
14.28622222
14.29311111
14.3
14.307
14.314
14.321
14.328
14.335
14.342
14.349
14.356
14.363
14.37414286
14.38528571
14.39642857
14.40757143
14.41871429
14.42985714
14.441
14.446875
14.45275
14.458625
14.4645
14.470375
14.47625
14.482125
14.488
14.49488889
14.50177778
14.50866667
14.51555556
14.52244444
14.52933333
14.53622222
14.54311111
14.55
14.557
14.564
14.571
14.578
14.585
14.592
14.599
14.606
14.613
14.61888889
14.62477778
14.63066667
14.63655556
14.64244444
14.64833333
14.65422222
14.66011111
14.666
14.68166667
14.69733333
14.713
14.72866667
14.74433333
14.76
14.7786
14.7972
14.8158
14.8344
14.860875
14.86875
14.876625
14.8845
14.892375
14.90025
14.908125
14.916
14.92288889
14.92977778
14.93666667
14.94355556
14.95044444
14.95733333
14.96422222
14.97111111
14.978
14.985
14.992
14.999
15.006
15.013
15.02
15.027
15.034
15.041
15.048
15.055
15.062
15.069
15.076
15.083
15.09
15.097
15.104
15.115625
15.12725
15.138875
15.1505
15.162125
15.17375
15.185375
15.197
15.20055556
15.20411111
15.20766667
15.21122222
15.21477778
15.21833333
15.22188889
15.22544444
15.229
15.23588889
15.24277778
15.24966667
15.25655556
15.26344444
15.27033333
15.27722222
15.28411111
15.291
15.29985714
15.30871429
15.31757143
15.32642857
15.33528571
15.34414286
15.353
15.360875
15.36875
15.376625
15.3845
15.392375
15.40025
15.408125
15.416
15.42466667
15.43333333
15.442
15.45066667
15.45933333
15.468
15.47666667
15.48533333
15.494
15.49922222
15.50444444
15.50966667
15.51488889
15.52011111
15.52533333
15.53055556
15.53577778
15.541
15.54788889
15.55477778
15.56166667
15.56855556
15.57544444
15.58233333
15.58922222
15.59611111
15.603
15.61
15.617
15.624
15.631
15.638
15.645
15.652
15.659
15.666
15.67375
15.6815
15.68925
15.697
15.70475
15.7125
15.72025
15.728
15.73666667
15.74533333
15.754
15.76266667
15.77133333
15.78
15.78866667
15.79733333
15.806
15.81122222
15.81644444
15.82166667
15.82688889
15.83211111
15.83733333
15.84255556
15.84777778
15.853
15.86344444
15.87388889
15.88433333
15.89477778
15.90522222
15.91566667
15.92611111
15.93655556
15.947
15.95216667
15.95733333
15.9625
15.96766667
15.97283333
15.978
15.985
15.992
15.999
16.006
16.013
16.02
16.027
16.034
16.041
16.04788889
16.05477778
16.06166667
16.06855556
16.07544444
16.08233333
16.08922222
16.09611111
16.103
16.11
16.117
16.124
16.131
16.138
16.145
16.152
16.159
16.166
16.177625
16.18925
16.200875
16.2125
16.224125
16.23575
16.247375
16.259
16.26255556
16.26611111
16.26966667
16.27322222
16.27677778
16.28033333
16.28388889
16.28744444
16.291
16.29788889
16.30477778
16.31166667
16.31855556
16.32544444
16.33233333
16.33922222
16.34611111
16.353
16.36
16.367
16.374
16.381
16.388
16.395
16.402
16.409
16.416
16.42288889
16.42977778
16.43666667
16.44355556
16.45044444
16.45733333
16.46422222
16.47111111
16.478
16.48775
16.4975
16.50725
16.517
16.52675
16.5365
16.54625
16.556
16.56122222
16.56644444
16.57166667
16.57688889
16.58211111
16.58733333
16.59255556
16.59777778
16.603
16.612
16.621
16.63
16.639
16.648
16.657
16.666
16.67288889
16.67977778
16.68666667
16.69355556
16.70044444
16.70733333
16.71422222
16.72111111
16.728
16.735875
16.74375
16.751625
16.7595
16.767375
16.77525
16.783125
16.791
16.80133333
16.81166667
16.822
16.83233333
16.84266667
16.853
16.86333333
16.87366667
16.884
16.88755556
16.89111111
16.89466667
16.89822222
16.90177778
16.90533333
16.90888889
16.91244444
16.916
16.92288889
16.92977778
16.93666667
16.94355556
16.95044444
16.95733333
16.96422222
16.97111111
16.978
16.985
16.992
16.999
17.006
17.013
17.02
17.027
17.034
17.041
17.04875
17.0565
17.06425
17.072
17.07975
17.0875
17.09525
17.103
17.10988889
17.11677778
17.12366667
17.13055556
17.13744444
17.14433333
17.15122222
17.15811111
17.165
17.172
17.179
17.186
17.193
17.2
17.207
17.214
17.221
17.228
17.24366667
17.25933333
17.275
17.29066667
17.30633333
17.322
17.32544444
17.32888889
17.33233333
17.33577778
17.33922222
17.34266667
17.34611111
17.34955556
17.353
17.35988889
17.36677778
17.37366667
17.38055556
17.38744444
17.39433333
17.40122222
17.40811111
17.415
17.422
17.429
17.436
17.443
17.45
17.457
17.464
17.471
17.478
17.485
17.492
17.499
17.506
17.513
17.52
17.527
17.534
17.541
17.552625
17.56425
17.575875
17.5875
17.599125
17.61075
17.622375
17.634
17.638
17.642
17.646
17.65
17.654
17.658
17.662
17.666
17.67288889
17.67977778
17.68666667
17.69355556
17.70044444
17.70733333
17.71422222
17.72111111
17.728
17.73488889
17.74177778
17.74866667
17.75555556
17.76244444
17.76933333
17.77622222
17.78311111
17.79
17.79711111
17.80422222
17.81133333
17.81844444
17.82555556
17.83266667
17.83977778
17.84688889
17.854
17.86433333
17.87466667
17.885
17.89533333
17.90566667
17.916
17.92633333
17.93666667
17.947
17.95233333
17.95766667
17.963
17.96833333
17.97366667
17.979
17.98588889
17.99277778
17.99966667
18.00655556
18.01344444
18.02033333
18.02722222
18.03411111
18.041
18.04788889
18.05477778
18.06166667
18.06855556
18.07544444
18.08233333
18.08922222
18.09611111
18.103
18.11
18.117
18.124
18.131
18.138
18.145
18.152
18.159
18.166
18.17775
18.1895
18.20125
18.213
18.22475
18.2365
18.24825
18.26
18.26344444
18.26688889
18.27033333
18.27377778
18.27722222
18.28066667
18.28411111
18.28755556
18.291
18.29788889
18.30477778
18.31166667
18.31855556
18.32544444
18.33233333
18.33922222
18.34611111
18.353
18.36
18.367
18.374
18.381
18.388
18.395
18.402
18.409
18.416
18.42288889
18.42977778
18.43666667
18.44355556
18.45044444
18.45733333
18.46422222
18.47111111
18.478
18.48975
18.5015
18.51325
18.525
18.53675
18.5485
18.56025
18.572
18.57657143
18.58114286
18.58571429
18.59028571
18.59485714
18.59942857
18.604
18.61088889
18.61777778
18.62466667
18.63155556
18.63844444
18.64533333
18.65222222
18.65911111
18.666
18.67375
18.6815
18.68925
18.697
18.70475
18.7125
18.72025
18.728
18.735
18.742
18.749
18.756
18.763
18.77
18.777
18.784
18.791
18.79966667
18.80833333
18.817
18.82566667
18.83433333
18.843
18.85166667
18.86033333
18.869
18.87422222
18.87944444
18.88466667
18.88988889
18.89511111
18.90033333
18.90555556
18.91077778
18.916
18.92288889
18.92977778
18.93666667
18.94355556
18.95044444
18.95733333
18.96422222
18.97111111
18.978
18.985875
18.99375
19.001625
19.0095
19.017375
19.02525
19.033125
19.041
19.04788889
19.05477778
19.06166667
19.06855556
19.07544444
19.08233333
19.08922222
19.09611111
19.103
19.11166667
19.12033333
19.129
19.13766667
19.14633333
19.155
19.16366667
19.17233333
19.181
19.18771429
19.19442857
19.20114286
19.20785714
19.21457143
19.22128571
19.228
19.235875
19.24375
19.251625
19.2595
19.267375
19.27525
19.283125
19.291
19.29788889
19.30477778
19.31166667
19.31855556
19.32544444
19.33233333
19.33922222
19.34611111
19.353
19.36
19.367
19.374
19.381
19.388
19.395
19.402
19.409
19.416
19.42466667
19.43333333
19.442
19.45066667
19.45933333
19.468
19.47666667
19.48533333
19.494
19.49922222
19.50444444
19.50966667
19.51488889
19.52011111
19.52533333
19.53055556
19.53577778
19.541
19.54875
19.5565
19.56425
19.572
19.57975
19.5875
19.59525
19.603
19.60877778
19.61455556
19.62033333
19.62611111
19.63188889
19.63766667
19.64344444
19.64922222
19.655
19.66385714
19.67271429
19.68157143
19.69042857
19.69928571
19.70814286
19.717
19.72566667
19.73433333
19.743
19.75166667
19.76033333
19.769
19.77766667
19.78633333
19.795
19.800875
19.80675
19.812625
19.8185
19.824375
19.83025
19.836125
19.842
19.849
19.856
19.863
19.87
19.877
19.884
19.891
19.898
19.905
19.91188889
19.91877778
19.92566667
19.93255556
19.93944444
19.94633333
19.95322222
19.96011111
19.967
19.974
19.981
19.988
19.995
20.002
20.009
20.016
20.023
20.03
20.043
20.056
20.069
20.082
20.095
20.108
20.11322222
20.11844444
20.12366667
20.12888889
20.13411111
20.13933333
20.14455556
20.14977778
20.155
20.16533333
20.17566667
20.186
20.19633333
20.20666667
20.217
20.22733333
20.23766667
20.248
20.25155556
20.25511111
20.25866667
20.26222222
20.26577778
20.26933333
20.27288889
20.27644444
20.28
20.28775
20.2955
20.30325
20.311
20.31875
20.3265
20.33425
20.342
20.349
20.356
20.363
20.37
20.377
20.384
20.391
20.398
20.405
20.41188889
20.41877778
20.42566667
20.43255556
20.43944444
20.44633333
20.45322222
20.46011111
20.467
20.47744444
20.48788889
20.49833333
20.50877778
20.51922222
20.52966667
20.54011111
20.55055556
20.561
20.56444444
20.56788889
20.57133333
20.57477778
20.57822222
20.58166667
20.58511111
20.58855556
20.592
20.59975
20.6075
20.61525
20.623
20.63075
20.6385
20.64625
20.654
20.663
20.672
20.681
20.69
20.699
20.708
20.717
20.724
20.731
20.738
20.745
20.752
20.759
20.766
20.773
20.78
20.79033333
20.80066667
20.811
20.82133333
20.83166667
20.842
20.85233333
20.86266667
20.873
20.876875
20.88075
20.884625
20.8885
20.892375
20.89625
20.900125
20.904
20.911
20.918
20.925
20.932
20.939
20.946
20.953
20.96
20.967
20.97388889
20.98077778
20.98766667
20.99455556
21.00144444
21.00833333
21.01522222
21.02211111
21.029
21.036
21.043
21.05
21.057
21.064
21.071
21.078
21.085
21.092
21.10175
21.1115
21.12125
21.131
21.14075
21.1505
21.16025
21.17
21.17522222
21.18044444
21.18566667
21.19088889
21.19611111
21.20133333
21.20655556
21.21177778
21.217
21.22388889
21.23077778
21.23766667
21.24455556
21.25144444
21.25833333
21.26522222
21.27211111
21.279
21.288
21.297
21.306
21.315
21.324
21.333
21.342
21.34975
21.3575
21.36525
21.373
21.38075
21.3885
21.39625
21.404
21.41444444
21.42488889
21.43533333
21.44577778
21.45622222
21.46666667
21.47711111
21.48755556
21.498
21.50155556
21.50511111
21.50866667
21.51222222
21.51577778
21.51933333
21.52288889
21.52644444
21.53
21.53688889
21.54377778
21.55066667
21.55755556
21.56444444
21.57133333
21.57822222
21.58511111
21.592
21.59888889
21.60577778
21.61266667
21.61955556
21.62644444
21.63333333
21.64022222
21.64711111
21.654
21.661875
21.66975
21.677625
21.6855
21.693375
21.70125
21.709125
21.717
21.72733333
21.73766667
21.748
21.75833333
21.76866667
21.779
21.78933333
21.79966667
21.81
21.81355556
21.81711111
21.82066667
21.82422222
21.82777778
21.83133333
21.83488889
21.83844444
21.842
21.84888889
21.85577778
21.86266667
21.86955556
21.87644444
21.88333333
21.89022222
21.89711111
21.904
21.911
21.918
21.925
21.932
21.939
21.946
21.953
21.96
21.967
21.97733333
21.98766667
21.998
22.00833333
22.01866667
22.029
22.03944444
22.04988889
22.06033333
22.07077778
22.08122222
22.09166667
22.10211111
22.11255556
22.123
22.12644444
22.12988889
22.13333333
22.13677778
22.14022222
22.14366667
22.14711111
22.15055556
22.154
22.161875
22.16975
22.177625
22.1855
22.193375
22.20125
22.209125
22.217
22.22388889
22.23077778
22.23766667
22.24455556
22.25144444
22.25833333
22.26522222
22.27211111
22.279
22.286
22.293
22.3
22.307
22.314
22.321
22.328
22.335
22.342
22.35066667
22.35933333
22.368
22.37666667
22.38533333
22.394
22.40266667
22.41133333
22.42
22.42522222
22.43044444
22.43566667
22.44088889
22.44611111
22.45133333
22.45655556
22.46177778
22.467
22.47475
22.4825
22.49025
22.498
22.50575
22.5135
22.52125
22.529
22.536
22.543
22.55
22.557
22.564
22.571
22.578
22.585
22.592
22.60085714
22.60971429
22.61857143
22.62742857
22.63628571
22.64514286
22.654
22.66266667
22.67133333
22.68
22.68866667
22.69733333
22.706
22.71466667
22.72333333
22.732
22.738
22.744
22.75
22.756
22.762
22.768
22.774
22.78
22.78688889
22.79377778
22.80066667
22.80755556
22.81444444
22.82133333
22.82822222
22.83511111
22.842
22.84888889
22.85577778
22.86266667
22.86955556
22.87644444
22.88333333
22.89022222
22.89711111
22.904
22.911
22.918
22.925
22.932
22.939
22.946
22.953
22.96
22.967
22.97388889
22.98077778
22.98766667
22.99455556
23.00144444
23.00833333
23.01522222
23.02211111
23.029
23.036875
23.04475
23.052625
23.0605
23.068375
23.07625
23.084125
23.092
23.10233333
23.11266667
23.123
23.13333333
23.14366667
23.154
23.16433333
23.17466667
23.185
23.18855556
23.19211111
23.19566667
23.19922222
23.20277778
23.20633333
23.20988889
23.21344444
23.217
23.22388889
23.23077778
23.23766667
23.24455556
23.25144444
23.25833333
23.26522222
23.27211111
23.279
23.2895
23.3
23.3105
23.321
23.3315
23.342
23.34888889
23.35577778
23.36266667
23.36955556
23.37644444
23.38333333
23.39022222
23.39711111
23.404
23.41444444
23.42488889
23.43533333
23.44577778
23.45622222
23.46666667
23.47711111
23.48755556
23.498
23.50144444
23.50488889
23.50833333
23.51177778
23.51522222
23.51866667
23.52211111
23.52555556
23.529
23.536875
23.54475
23.552625
23.5605
23.568375
23.57625
23.584125
23.592
23.59888889
23.60577778
23.61266667
23.61955556
23.62644444
23.63333333
23.64022222
23.64711111
23.654
23.661
23.668
23.675
23.682
23.689
23.696
23.703
23.71
23.717
23.72733333
23.73766667
23.748
23.75833333
23.76866667
23.779
23.78933333
23.79966667
23.81
23.814
23.818
23.822
23.826
23.83
23.834
23.838
23.842
23.84888889
23.85577778
23.86266667
23.86955556
23.87644444
23.88333333
23.89022222
23.89711111
23.904
23.9145
23.925
23.9355
23.946
23.9565
23.967
23.97388889
23.98077778
23.98766667
23.99455556
24.00144444
24.00833333
24.01522222
24.02211111
24.029
24.03777778
24.04655556
24.05533333
24.06411111
24.07288889
24.08166667
24.09044444
24.09922222
24.108
24.11322222
24.11844444
24.12366667
24.12888889
24.13411111
24.13933333
24.14455556
24.14977778
24.155
24.16275
24.1705
24.17825
24.186
24.19375
24.2015
24.20925
24.217
24.224
24.231
24.238
24.245
24.252
24.259
24.266
24.273
24.28
24.28688889
24.29377778
24.30066667
24.30755556
24.31444444
24.32133333
24.32822222
24.33511111
24.342
24.35066667
24.35933333
24.368
24.37666667
24.38533333
24.394
24.40266667
24.41133333
24.42
24.42522222
24.43044444
24.43566667
24.44088889
24.44611111
24.45133333
24.45655556
24.46177778
24.467
24.47475
24.4825
24.49025
24.498
24.50575
24.5135
24.52125
24.529
24.538
24.547
24.556
24.565
24.574
24.583
24.592
24.59888889
24.60577778
24.61266667
24.61955556
24.62644444
24.63333333
24.64022222
24.64711111
24.654
24.66266667
24.67133333
24.68
24.68866667
24.69733333
24.706
24.71466667
24.72333333
24.732
24.738
24.744
24.75
24.756
24.762
24.768
24.774
24.78
24.79033333
24.80066667
24.811
24.82133333
24.83166667
24.842
24.85233333
24.86266667
24.873
24.87655556
24.88011111
24.88366667
24.88722222
24.89077778
24.89433333
24.89788889
24.90144444
24.905
24.91188889
24.91877778
24.92566667
24.93255556
24.93944444
24.94633333
24.95322222
24.96011111
24.967
24.97388889
24.98077778
24.98766667
24.99455556
25.00144444
25.00833333
25.01522222
25.02211111
25.029
25.036875
25.04475
25.052625
25.0605
25.068375
25.07625
25.084125
25.092
25.10233333
25.11266667
25.123
25.13333333
25.14366667
25.154
25.16433333
25.17466667
25.185
25.18855556
25.19211111
25.19566667
25.19922222
25.20277778
25.20633333
25.20988889
25.21344444
25.217
25.22733333
25.23766667
25.248
25.25833333
25.26866667
25.279
25.286
25.293
25.3
25.307
25.314
25.321
25.328
25.335
25.342
25.34888889
25.35577778
25.36266667
25.36955556
25.37644444
25.38333333
25.39022222
25.39711111
25.404
25.41444444
25.42488889
25.43533333
25.44577778
25.45622222
25.46666667
25.47711111
25.48755556
25.498
25.50144444
25.50488889
25.50833333
25.51177778
25.51522222
25.51866667
25.52211111
25.52555556
25.529
25.536875
25.54475
25.552625
25.5605
25.568375
25.57625
25.584125
25.592
25.599
25.606
25.613
25.62
25.627
25.634
25.641
25.648
25.655
25.662
25.669
25.676
25.683
25.69
25.697
25.704
25.711
25.718
25.72666667
25.73533333
25.744
25.75266667
25.76133333
25.77
25.77866667
25.78733333
25.796
25.80122222
25.80644444
25.81166667
25.81688889
25.82211111
25.82733333
25.83255556
25.83777778
25.843
25.85075
25.8585
25.86625
25.874
25.88175
25.8895
25.89725
25.905
25.914
25.923
25.932
25.941
25.95
25.959
25.968
26.0304
26.0928
26.1552
26.2176
26.28
26.28885714
26.29771429
26.30657143
26.31542857
26.32428571
26.33314286
26.342
26.349
26.356
26.363
26.37
26.377
26.384
26.391
26.398
26.405
26.41188889
26.41877778
26.42566667
26.43255556
26.43944444
26.44633333
26.45322222
26.46011111
26.467
26.47675
26.4865
26.49625
26.506
26.51575
26.5255
26.53525
26.545
26.553
26.561
26.569
26.577
26.585
26.593
26.60333333
26.61366667
26.624
26.63433333
26.64466667
26.655
26.66533333
26.67566667
26.686
26.68955556
26.69311111
26.69666667
26.70022222
26.70377778
26.70733333
26.71088889
26.71444444
26.718
26.72488889
26.73177778
26.73866667
26.74555556
26.75244444
26.75933333
26.76622222
26.77311111
26.78
26.78775
26.7955
26.80325
26.811
26.81875
26.8265
26.83425
26.842
26.84922222
26.85644444
26.86366667
26.87088889
26.87811111
26.88533333
26.89255556
26.89977778
26.907
26.91744444
26.92788889
26.93833333
26.94877778
26.95922222
26.96966667
26.98011111
26.99055556
27.001
27.00444444
27.00788889
27.01133333
27.01477778
27.01822222
27.02166667
27.02511111
27.02855556
27.032
27.03888889
27.04577778
27.05266667
27.05955556
27.06644444
27.07333333
27.08022222
27.08711111
27.094
27.101875
27.10975
27.117625
27.1255
27.133375
27.14125
27.149125
27.157
27.16388889
27.17077778
27.17766667
27.18455556
27.19144444
27.19833333
27.20522222
27.21211111
27.219
27.22766667
27.23633333
27.245
27.25366667
27.26233333
27.271
27.27966667
27.28833333
27.297
27.305
27.313
27.321
27.329
27.337
27.345
27.35188889
27.35877778
27.36566667
27.37255556
27.37944444
27.38633333
27.39322222
27.40011111
27.407
27.414
27.421
27.428
27.435
27.442
27.449
27.456
27.463
27.47
27.47688889
27.48377778
27.49066667
27.49755556
27.50444444
27.51133333
27.51822222
27.52511111
27.532
27.539
27.546
27.553
27.56
27.567
27.574
27.581
27.588
27.595
27.60275
27.6105
27.61825
27.626
27.63375
27.6415
27.64925
27.657
27.66744444
27.67788889
27.68833333
27.69877778
27.70922222
27.71966667
27.73011111
27.74055556
27.751
27.7698
27.7886
27.8074
27.8262
27.845
27.85385714
27.86271429
27.87157143
27.88042857
27.88928571
27.89814286
27.907
27.916
27.925
27.934
27.943
27.952
27.961
27.97
27.98033333
27.99066667
28.001
28.01133333
28.02166667
28.032
28.04233333
28.05266667
28.063
28.067
28.071
28.075
28.079
28.083
28.087
28.091
28.095
28.10188889
28.10877778
28.11566667
28.12255556
28.12944444
28.13633333
28.14322222
28.15011111
28.157
28.164875
28.17275
28.180625
28.1885
28.196375
28.20425
28.212125
28.22
28.22688889
28.23377778
28.24066667
28.24755556
28.25444444
28.26133333
28.26822222
28.27511111
28.282
28.29066667
28.29933333
28.308
28.31666667
28.32533333
28.334
28.34266667
28.35133333
28.36
28.36522222
28.37044444
28.37566667
28.38088889
28.38611111
28.39133333
28.39655556
28.40177778
28.407
28.414
28.421
28.428
28.435
28.442
28.449
28.456
28.463
28.47
28.532
28.595
28.60614286
28.61728571
28.62842857
28.63957143
28.65071429
28.66185714
28.673
28.69116667
28.70933333
28.7275
28.74566667
28.76383333
28.7946
28.8072
28.8198
28.8324
28.845
28.85188889
28.85877778
28.86566667
28.87255556
28.87944444
28.88633333
28.89322222
28.90011111
28.907
28.91566667
28.92433333
28.933
28.94166667
28.95033333
28.959
28.96766667
28.97633333
28.985
28.99022222
28.99544444
29.00066667
29.00588889
29.01111111
29.01633333
29.02155556
29.02677778
29.032
29.04375
29.0555
29.06725
29.079
29.09075
29.1025
29.11425
29.126
29.12944444
29.13288889
29.13633333
29.13977778
29.14322222
29.14666667
29.15011111
29.15355556
29.157
29.16388889
29.17077778
29.17766667
29.18455556
29.19144444
29.19833333
29.20522222
29.21211111
29.219
29.23014286
29.24128571
29.25242857
29.26357143
29.27471429
29.28585714
29.297
29.303
29.309
29.315
29.321
29.327
29.333
29.339
29.345
29.35533333
29.36566667
29.376
29.38633333
29.39666667
29.407
29.41733333
29.42766667
29.438
29.44144444
29.44488889
29.44833333
29.45177778
29.45522222
29.45866667
29.46211111
29.46555556
29.469
29.476
29.483
29.49
29.497
29.504
29.511
29.518
29.525
29.532
29.53888889
29.54577778
29.55266667
29.55955556
29.56644444
29.57333333
29.58022222
29.58711111
29.594
29.601875
29.60975
29.617625
29.6255
29.633375
29.64125
29.649125
29.657
29.66566667
29.67433333
29.683
29.69166667
29.70033333
29.709
29.71766667
29.72633333
29.735
29.74022222
29.74544444
29.75066667
29.75588889
29.76111111
29.76633333
29.77155556
29.77677778
29.782
29.79233333
29.80266667
29.813
29.82333333
29.83366667
29.844
29.85433333
29.86466667
29.875
29.88033333
29.88566667
29.891
29.89633333
29.90166667
29.907
29.91388889
29.92077778
29.92766667
29.93455556
29.94144444
29.94833333
29.95522222
29.96211111
29.969
29.976
29.983
29.99
29.997
30.004
30.011
30.018
30.025
30.032
30.03888889
30.04577778
30.05266667
30.05955556
30.06644444
30.07333333
30.08022222
30.08711111
30.094
30.10575
30.1175
30.12925
30.141
30.15275
30.1645
30.17625
30.188
30.19144444
30.19488889
30.19833333
30.20177778
30.20522222
30.20866667
30.21211111
30.21555556
30.219
30.226
30.233
30.24
30.247
30.254
30.261
30.268
30.275
30.282
30.28888889
30.29577778
30.30266667
30.30955556
30.31644444
30.32333333
30.33022222
30.33711111
30.344
30.351875
30.35975
30.367625
30.3755
30.383375
30.39125
30.399125
30.407
30.532
30.657
30.782
30.907
31.032
31.157
31.282
31.407
31.4132
31.4194
31.4256
31.4318
31.438
31.4442
31.4504
31.4566
31.4628
31.469
31.494
31.519
31.544
31.569
31.6066
31.6192
31.6318
31.6444
31.657
31.66388889
31.67077778
31.67766667
31.68455556
31.69144444
31.69833333
31.70522222
31.71211111
31.719
31.726
31.733
31.74
31.747
31.754
31.761
31.768
31.775
31.782
31.882
31.982
32.082
32.182
32.313
32.344
32.35266667
32.36133333
32.37
32.37866667
32.38733333
32.396
32.40466667
32.41333333
32.422
32.45833333
32.49466667
32.531
32.54
32.549
32.558
32.567
32.576
32.585
32.594
32.60285714
32.61171429
32.62057143
32.62942857
32.63828571
32.64714286
32.656
32.66466667
32.67333333
32.682
32.69066667
32.69933333
32.708
32.71666667
32.72533333
32.734
32.73922222
32.74444444
32.74966667
32.75488889
32.76011111
32.76533333
32.77055556
32.77577778
32.781
32.788
32.795
32.802
32.809
32.816
32.823
32.83
32.837
32.844
32.851875
32.85975
32.867625
32.8755
32.883375
32.89125
32.899125
32.907
32.91475
32.9225
32.93025
32.938
32.94575
32.9535
32.96125
32.969
32.97766667
32.98633333
32.995
33.00366667
33.01233333
33.021
33.02966667
33.03833333
33.047
33.05222222
33.05744444
33.06266667
33.06788889
33.07311111
33.07833333
33.08355556
33.08877778
33.094
33.10728571
33.12057143
33.13385714
33.14714286
33.16042857
33.17371429
33.187
33.191
33.195
33.199
33.203
33.207
33.211
33.215
33.219
33.22588889
33.23277778
33.23966667
33.24655556
33.25344444
33.26033333
33.26722222
33.27411111
33.281
33.28966667
33.29833333
33.307
33.31566667
33.32433333
33.333
33.34166667
33.35033333
33.359
33.36422222
33.36944444
33.37466667
33.37988889
33.38511111
33.39033333
33.39555556
33.40077778
33.406
33.41644444
33.42688889
33.43733333
33.44777778
33.45822222
33.46866667
33.47911111
33.48955556
33.5
33.503875
33.50775
33.511625
33.5155
33.519375
33.52325
33.527125
33.531
33.538
33.545
33.552
33.559
33.566
33.573
33.58
33.587
33.594
33.60088889
33.60777778
33.61466667
33.62155556
33.62844444
33.63533333
33.64222222
33.64911111
33.656
33.663
33.67
33.677
33.684
33.691
33.698
33.705
33.712
33.719
33.732
33.745
33.758
33.771
33.784
33.797
33.8688
33.9406
34.0124
34.0842
34.156
34.219
34.22875
34.2385
34.24825
34.258
34.26775
34.2775
34.28725
34.297
34.30222222
34.30744444
34.31266667
34.31788889
34.32311111
34.32833333
34.33355556
34.33877778
34.344
34.35088889
34.35777778
34.36466667
34.37155556
34.37844444
34.38533333
34.39222222
34.39911111
34.406
34.41485714
34.42371429
34.43257143
34.44142857
34.45028571
34.45914286
34.468
34.475875
34.48375
34.491625
34.4995
34.507375
34.51525
34.523125
34.531
34.53877778
34.54655556
34.55433333
34.56211111
34.56988889
34.57766667
34.58544444
34.59322222
34.601
34.60622222
34.61144444
34.61666667
34.62188889
34.62711111
34.63233333
34.63755556
34.64277778
34.648
34.65844444
34.66888889
34.67933333
34.68977778
34.70022222
34.71066667
34.72111111
34.73155556
34.742
34.74733333
34.75266667
34.758
34.76333333
34.76866667
34.774
34.78088889
34.78777778
34.79466667
34.80155556
34.80844444
34.81533333
34.82222222
34.82911111
34.836
34.84466667
34.85333333
34.862
34.87066667
34.87933333
34.888
34.89666667
34.90533333
34.914
34.92957143
34.94514286
34.96071429
34.97628571
34.99185714
35.00742857
35.0356
35.0482
35.0608
35.0734
35.086
35.09288889
35.09977778
35.10666667
35.11355556
35.12044444
35.12733333
35.13422222
35.14111111
35.1635
35.179
35.1945
35.21
35.21866667
35.22733333
35.236
35.24466667
35.25333333
35.262
35.27066667
35.27933333
35.288
35.29583333
35.30366667
35.3115
35.31933333
35.32716667
35.335
35.342
35.349
35.356
35.363
35.37
35.377
35.384
35.391
35.398
35.40575
35.4135
35.42125
35.429
35.43675
35.4445
35.45225
35.46
35.467875
35.47575
35.483625
35.4915
35.499375
35.50725
35.515125
35.523
35.53275
35.5425
35.55225
35.562
35.57175
35.5815
35.59125
35.601
35.60622222
35.61144444
35.61666667
35.62188889
35.62711111
35.63233333
35.63755556
35.64277778
35.648
35.65488889
35.66177778
35.66866667
35.67555556
35.68244444
35.68933333
35.69622222
35.70311111
35.71
35.717
35.724
35.731
35.738
35.745
35.752
35.759
35.766
35.773
35.79366667
35.81433333
35.835
35.85566667
35.87633333
35.897
35.897
35.897
35.897
35.897
35.9285
35.96
35.97342857
35.98685714
36.00028571
36.01371429
36.02714286
36.04057143
36.054
36.057875
36.06175
36.065625
36.0695
36.073375
36.07725
36.081125
36.085
36.09188889
36.09877778
36.10566667
36.11255556
36.11944444
36.12633333
36.13322222
36.14011111
36.147
36.154
36.161
36.168
36.175
36.182
36.189
36.196
36.203
36.21
36.217875
36.22575
36.233625
36.2415
36.249375
36.25725
36.265125
36.273
36.28333333
36.29366667
36.304
36.31433333
36.32466667
36.335
36.34533333
36.35566667
36.366
36.36955556
36.37311111
36.37666667
36.38022222
36.38377778
36.38733333
36.39088889
36.39444444
36.398
36.40488889
36.41177778
36.41866667
36.42555556
36.43244444
36.43933333
36.44622222
36.45311111
36.46
36.46688889
36.47377778
36.48066667
36.48755556
36.49444444
36.50133333
36.50822222
36.51511111
36.522
36.531
36.54
36.549
36.558
36.567
36.576
36.585
36.60066667
36.61633333
36.632
36.64766667
36.66333333
36.679
36.682875
36.68675
36.690625
36.6945
36.698375
36.70225
36.706125
36.71
36.96
37.21
37.46
37.71
37.96
37.98066667
38.00133333
38.022
38.03542857
38.04885714
38.06228571
38.07571429
38.08914286
38.10257143
38.116
38.119875
38.12375
38.127625
38.1315
38.135375
38.13925
38.143125
38.147
38.16485714
38.18271429
38.20057143
38.21842857
38.23628571
38.25414286
38.303
38.334
38.34575
38.3575
38.36925
38.381
38.39275
38.4045
38.41625
38.428
38.432
38.436
38.44
38.444
38.448
38.452
38.456
38.46
38.83328571
39.20657143
39.57985714
39.95314286
40.32642857
40.69971429
41.073
41.136
41.147625
41.15925
41.170875
41.1825
41.194125
41.20575
41.217375
41.229
41.26825
41.3075
41.34675
41.386
41.39775
41.4095
41.42125
41.433
41.44475
41.4565
41.46825
41.48
41.59725
41.7145
41.83175
41.949
42.011
42.02275
42.0345
42.04625
42.058
42.06975
42.0815
42.09325
42.105
42.886
43.667
44.448
44.455875
44.46375
44.471625
44.4795
44.487375
44.49525
44.503125
44.511
44.62025
44.7295
44.83875
44.948
44.957
44.966
44.975
44.984
44.993
45.002
45.011
45.02133333
45.03166667
45.042
45.05233333
45.06266667
45.073
45.081
45.089
45.097
45.105
45.113
45.121
45.129
45.137
45.418
45.699
45.98
46.261
46.282
46.303
46.324
46.33285714
46.34171429
46.35057143
46.35942857
46.36828571
46.37714286
46.386
46.3965
46.407
46.4175
46.428
46.4385
46.449
46.45875
46.4685
46.47825
46.488
46.49775
46.5075
46.51725
46.527
46.53371429
46.54042857
46.54714286
46.55385714
46.56057143
46.56728571
46.574
46.83466667
47.09533333
47.356
47.61666667
47.87733333
48.169
48.2
48.20975
48.2195
48.22925
48.239
48.24875
48.2585
48.26825
48.278
48.28471429
48.29142857
48.29814286
48.30485714
48.31157143
48.31828571
48.325
48.457875
48.59075
48.723625
48.8565
48.989375
49.12225
49.255125
49.388
49.40866667
49.42933333
49.45
49.46175
49.4735
49.48525
49.497
49.50875
49.5205
49.53225
49.544
49.547875
49.55175
49.555625
49.5595
49.563375
49.56725
49.571125
49.575
49.58385714
49.59271429
49.60157143
49.61042857
49.61928571
49.62814286
49.637
49.6475
49.658
49.6685
49.679
49.6895
49.7
49.70775
49.7155
49.72325
49.731
49.73875
49.7465
49.75425
49.762
49.77175
49.7815
49.79125
49.801
49.81075
49.8205
49.83025
49.84
49.84685714
49.85371429
49.86057143
49.86742857
49.87428571
49.88114286
49.888
49.899625
49.91125
49.922875
49.9345
49.946125
49.95775
49.969375
49.981
49.984875
49.98875
49.992625
49.9965
50.000375
50.00425
50.008125
50.012
50.021
50.03
50.039
50.048
50.057
50.066
50.075
50.08275
50.0905
50.09825
50.106
50.11375
50.1215
50.12925
50.137
50.202
50.28
50.285875
50.29175
50.297625
50.3035
50.309375
50.31525
50.321125
50.327
50.36866667
50.41033333
50.452
50.4644
50.4768
50.4892
50.5016
50.514
50.523
50.532
50.541
50.55
50.559
50.568
50.577
50.58475
50.5925
50.60025
50.608
50.61575
50.6235
50.63125
50.639
50.646875
50.65475
50.662625
50.6705
50.678375
50.68625
50.694125
50.702
50.71085714
50.71971429
50.72857143
50.73742857
50.74628571
50.75514286
50.764
50.77375
50.7835
50.79325
50.803
50.81275
50.8225
50.83225
50.842
50.847875
50.85375
50.859625
50.8655
50.871375
50.87725
50.883125
50.889
50.89785714
50.90671429
50.91557143
50.92442857
50.93328571
50.94214286
50.951
50.958875
50.96675
50.974625
50.9825
50.990375
50.99825
51.006125
51.014
51.02433333
51.03466667
51.045
51.05533333
51.06566667
51.076
51.085
51.094
51.103
51.112
51.121
51.13
51.139
51.14675
51.1545
51.16225
51.17
51.17775
51.1855
51.19325
51.201
51.21228571
51.22357143
51.23485714
51.24614286
51.25742857
51.26871429
51.28
51.285875
51.29175
51.297625
51.3035
51.309375
51.31525
51.321125
51.327
51.338625
51.35025
51.361875
51.3735
51.385125
51.39675
51.408375
51.42
51.42442857
51.42885714
51.43328571
51.43771429
51.44214286
51.44657143
51.451
51.458875
51.46675
51.474625
51.4825
51.490375
51.49825
51.506125
51.514
51.52175
51.5295
51.53725
51.545
51.55275
51.5605
51.56825
51.576
51.585
51.594
51.603
51.612
51.621
51.63
51.639
51.6495
51.66
51.6705
51.681
51.6915
51.702
51.70975
51.7175
51.72525
51.733
51.74075
51.7485
51.75625
51.764
51.77175
51.7795
51.78725
51.795
51.80275
51.8105
51.81825
51.826
51.835
51.844
51.853
51.862
51.871
51.88
51.889
51.900625
51.91225
51.923875
51.9355
51.947125
51.95875
51.970375
51.982
51.986
51.99
51.994
51.998
52.002
52.006
52.01
52.014
52.02285714
52.03171429
52.04057143
52.04942857
52.05828571
52.06714286
52.076
52.083875
52.09175
52.099625
52.1075
52.115375
52.12325
52.131125
52.139
52.14785714
52.15671429
52.16557143
52.17442857
52.18328571
52.19214286
52.201
52.208875
52.21675
52.224625
52.2325
52.240375
52.24825
52.256125
52.264
52.27285714
52.28171429
52.29057143
52.29942857
52.30828571
52.31714286
52.326
52.33916667
52.35233333
52.3655
52.37866667
52.39183333
52.405
52.41
52.415
52.42
52.425
52.43
52.435
52.44
52.445
52.45475
52.4645
52.47425
52.484
52.49375
52.5035
52.51325
52.523
52.52971429
52.53642857
52.54314286
52.54985714
52.55657143
52.56328571
52.57
52.57775
52.5855
52.59325
52.601
52.60875
52.6165
52.62425
52.632
52.639875
52.64775
52.655625
52.6635
52.671375
52.67925
52.687125
52.695
52.7074
52.7198
52.7322
52.7446
52.757
52.764875
52.77275
52.780625
52.7885
52.796375
52.80425
52.812125
52.82
52.82775
52.8355
52.84325
52.851
52.85875
52.8665
52.87425
52.882
52.89175
52.9015
52.91125
52.921
52.93075
52.9405
52.95025
52.96
52.96671429
52.97342857
52.98014286
52.98685714
52.99357143
53.00028571
53.007
53.01875
53.0305
53.04225
53.054
53.06575
53.0775
53.08925
53.101
53.104875
53.10875
53.112625
53.1165
53.120375
53.12425
53.128125
53.132
53.14085714
53.14971429
53.15857143
53.16742857
53.17628571
53.18514286
53.194
53.201875
53.20975
53.217625
53.2255
53.233375
53.24125
53.249125
53.257
53.26475
53.2725
53.28025
53.288
53.29575
53.3035
53.31125
53.319
53.3316
53.3442
53.3568
53.3694
53.382
53.38975
53.3975
53.40525
53.413
53.42075
53.4285
53.43625
53.444
53.45375
53.4635
53.47325
53.483
53.49275
53.5025
53.51225
53.522
53.527875
53.53375
53.539625
53.5455
53.551375
53.55725
53.563125
53.569
53.58242857
53.59585714
53.60928571
53.62271429
53.63614286
53.64957143
53.663
53.666875
53.67075
53.674625
53.6785
53.682375
53.68625
53.690125
53.694
53.701875
53.70975
53.717625
53.7255
53.733375
53.74125
53.749125
53.757
53.76585714
53.77471429
53.78357143
53.79242857
53.80128571
53.81014286
53.819
53.826875
53.83475
53.842625
53.8505
53.858375
53.86625
53.874125
53.882
53.88975
53.8975
53.90525
53.913
53.92075
53.9285
53.93625
53.944
53.9566
53.9692
53.9818
53.9944
54.007
54.01675
54.0265
54.03625
54.046
54.05575
54.0655
54.07525
54.085
54.090875
54.09675
54.102625
54.1085
54.114375
54.12025
54.126125
54.132
54.14175
54.1515
54.16125
54.171
54.18075
54.1905
54.20025
54.21
54.21657143
54.22314286
54.22971429
54.23628571
54.24285714
54.24942857
54.256
54.263875
54.27175
54.279625
54.2875
54.295375
54.30325
54.311125
54.319
54.326875
54.33475
54.342625
54.3505
54.358375
54.36625
54.374125
54.382
54.39085714
54.39971429
54.40857143
54.41742857
54.42628571
54.43514286
54.444
54.451875
54.45975
54.467625
54.4755
54.483375
54.49125
54.499125
54.507
54.51475
54.5225
54.53025
54.538
54.54575
54.5535
54.56125
54.569
54.58014286
54.59128571
54.60242857
54.61357143
54.62471429
54.63585714
54.647
54.65483333
54.66266667
54.6705
54.67833333
54.68616667
54.694
54.70375
54.7135
54.72325
54.733
54.74275
54.7525
54.76225
54.772
54.77871429
54.78542857
54.79214286
54.79885714
54.80557143
54.81228571
54.819
54.82675
54.8345
54.84225
54.85
54.85775
54.8655
54.87325
54.881
54.888875
54.89675
54.904625
54.9125
54.920375
54.92825
54.936125
54.944
54.95175
54.9595
54.96725
54.975
54.98275
54.9905
54.99825
55.006
55.015
55.024
55.033
55.042
55.051
55.06
55.069
55.07675
55.0845
55.09225
55.1
55.10775
55.1155
55.12325
55.131
55.14075
55.1505
55.16025
55.17
55.17975
55.1895
55.19925
55.209
55.21585714
55.22271429
55.22957143
55.23642857
55.24328571
55.25014286
55.257
55.2725
55.288
55.3035
55.319
55.3345
55.35
55.353875
55.35775
55.361625
55.3655
55.369375
55.37325
55.377125
55.381
55.39
55.399
55.408
55.417
55.426
55.435
55.444
55.45175
55.4595
55.46725
55.475
55.48275
55.4905
55.49825
55.506
55.513875
55.52175
55.529625
55.5375
55.545375
55.55325
55.561125
55.569
55.57675
55.5845
55.59225
55.6
55.60775
55.6155
55.62325
55.631
55.64
55.649
55.658
55.667
55.676
55.685
55.694
55.70375
55.7135
55.72325
55.733
55.74275
55.7525
55.76225
55.772
55.777875
55.78375
55.789625
55.7955
55.801375
55.80725
55.813125
55.819
55.83014286
55.84128571
55.85242857
55.86357143
55.87471429
55.88585714
55.897
55.944
55.96466667
55.98533333
56.006
56.015
56.024
56.033
56.042
56.051
56.06
56.069
56.07785714
56.08671429
56.09557143
56.10442857
56.11328571
56.12214286
56.131
56.138875
56.14675
56.154625
56.1625
56.170375
56.17825
56.186125
56.194
56.20285714
56.21171429
56.22057143
56.22942857
56.23828571
56.24714286
56.256
56.26714286
56.27828571
56.28942857
56.30057143
56.31171429
56.32285714
56.334
56.339875
56.34575
56.351625
56.3575
56.363375
56.36925
56.375125
56.381
56.39275
56.4045
56.41625
56.428
56.43975
56.4515
56.46325
56.475
56.47942857
56.48385714
56.48828571
56.49271429
56.49714286
56.50157143
56.506
56.51375
56.5215
56.52925
56.537
56.54475
56.5525
56.56025
56.568
56.5785
56.589
56.5995
56.61
56.6205
56.631
56.63828571
56.64557143
56.65285714
56.66014286
56.66742857
56.67471429
56.682
56.692
56.702
56.712
56.722
56.732
56.742
56.74975
56.7575
56.76525
56.773
56.78075
56.7885
56.79625
56.804
56.81375
56.8235
56.83325
56.843
56.85275
56.8625
56.87225
56.882
56.88871429
56.89542857
56.90214286
56.90885714
56.91557143
56.92228571
56.929
56.93675
56.9445
56.95225
56.96
56.96775
56.9755
56.98325
56.991
56.998875
57.00675
57.014625
57.0225
57.030375
57.03825
57.046125
57.054
57.06285714
57.07171429
57.08057143
57.08942857
57.09828571
57.10714286
57.116
57.123875
57.13175
57.139625
57.1475
57.155375
57.16325
57.171125
57.179
57.18675
57.1945
57.20225
57.21
57.21775
57.2255
57.23325
57.241
57.2515
57.262
57.2725
57.283
57.2935
57.304
57.313
57.322
57.331
57.34
57.349
57.358
57.367
57.378625
57.39025
57.401875
57.4135
57.425125
57.43675
57.448375
57.46
57.463875
57.46775
57.471625
57.4755
57.479375
57.48325
57.487125
57.491
57.5
57.509
57.518
57.527
57.536
57.545
57.554
57.561875
57.56975
57.577625
57.5855
57.593375
57.60125
57.609125
57.617
57.62475
57.6325
57.64025
57.648
57.65575
57.6635
57.67125
57.679
57.688
57.697
57.706
57.715
57.724
57.733
57.742
57.74975
57.7575
57.76525
57.773
57.78075
57.7885
57.79625
57.804
57.811875
57.81975
57.827625
57.8355
57.843375
57.85125
57.859125
57.867
57.87585714
57.88471429
57.89357143
57.90242857
57.91128571
57.92014286
57.929
57.942
57.955
57.968
57.981
57.994
58.007
58.012875
58.01875
58.024625
58.0305
58.036375
58.04225
58.048125
58.054
58.075
58.096
58.124875
58.13275
58.140625
58.1485
58.156375
58.16425
58.172125
58.18
58.18885714
58.19771429
58.20657143
58.21542857
58.22428571
58.23314286
58.242
58.24975
58.2575
58.26525
58.273
58.28075
58.2885
58.29625
58.304
58.313
58.322
58.331
58.34
58.349
58.358
58.367
58.37475
58.3825
58.39025
58.398
58.40575
58.4135
58.42125
58.429
58.44028571
58.45157143
58.46285714
58.47414286
58.48542857
58.49671429
58.508
58.51583333
58.52366667
58.5315
58.53933333
58.54716667
58.555
58.56275
58.5705
58.57825
58.586
58.59375
58.6015
58.60925
58.617
58.62475
58.6325
58.64025
58.648
58.65575
58.6635
58.67125
58.679
58.688
58.697
58.706
58.715
58.724
58.733
58.742
58.74975
58.7575
58.76525
58.773
58.78075
58.7885
58.79625
58.804
58.811875
58.81975
58.827625
58.8355
58.843375
58.85125
58.859125
58.867
58.87585714
58.88471429
58.89357143
58.90242857
58.91128571
58.92014286
58.929
58.936875
58.94475
58.952625
58.9605
58.968375
58.97625
58.984125
58.992
59.00175
59.0115
59.02125
59.031
59.04075
59.0505
59.06025
59.07
59.07671429
59.08342857
59.09014286
59.09685714
59.10357143
59.11028571
59.117
59.12733333
59.13766667
59.148
59.15833333
59.16866667
59.179
59.186875
59.19475
59.202625
59.2105
59.218375
59.22625
59.234125
59.242
59.24975
59.2575
59.26525
59.273
59.28075
59.2885
59.29625
59.304
59.313
59.322
59.331
59.34
59.349
59.358
59.367
59.37475
59.3825
59.39025
59.398
59.40575
59.4135
59.42125
59.429
59.436875
59.44475
59.452625
59.4605
59.468375
59.47625
59.484125
59.492
59.50085714
59.50971429
59.51857143
59.52742857
59.53628571
59.54514286
59.554
59.56375
59.5735
59.58325
59.593
59.60275
59.6125
59.62225
59.632
59.637875
59.64375
59.649625
59.6555
59.661375
59.66725
59.673125
59.679
59.688
59.697
59.706
59.715
59.724
59.733
59.742
59.75233333
59.76266667
59.773
59.78333333
59.79366667
59.804
59.811875
59.81975
59.827625
59.8355
59.843375
59.85125
59.859125
59.867
59.87475
59.8825
59.89025
59.898
59.90575
59.9135
59.92125
59.929
59.938
59.947
59.956
59.965
59.974
59.983
59.992
59.99975
60.0075
60.01525
60.023
60.03075
60.0385
60.04625
60.054
60.061875
60.06975
60.077625
60.0855
60.093375
60.10125
60.109125
60.117
60.12814286
60.13928571
60.15042857
60.16157143
60.17271429
60.18385714
60.195
60.200875
60.20675
60.212625
60.2185
60.224375
60.23025
60.236125
60.242
60.24975
60.2575
60.26525
60.273
60.28075
60.2885
60.29625
60.304
60.313
60.322
60.331
60.34
60.349
60.358
60.367
60.392
60.417
60.442
60.467
60.492
60.50233333
60.51266667
60.523
60.53333333
60.54366667
60.554
60.56375
60.5735
60.58325
60.593
60.60275
60.6125
60.62225
60.632
60.63871429
60.64542857
60.65214286
60.65885714
60.66557143
60.67228571
60.679
60.69014286
60.70128571
60.71242857
60.72357143
60.73471429
60.74585714
60.757
60.762875
60.76875
60.774625
60.7805
60.786375
60.79225
60.798125
60.804
60.81175
60.8195
60.82725
60.835
60.84275
60.8505
60.85825
60.866
60.875
60.884
60.893
60.902
60.911
60.92
60.929
60.93675
60.9445
60.95225
60.96
60.96775
60.9755
60.98325
60.991
60.998875
61.00675
61.014625
61.0225
61.030375
61.03825
61.046125
61.054
61.0664
61.0788
61.0912
61.1036
61.116
61.123875
61.13175
61.139625
61.1475
61.155375
61.16325
61.171125
61.179
61.186875
61.19475
61.202625
61.2105
61.218375
61.22625
61.234125
61.242
61.251625
61.26125
61.270875
61.2805
61.290125
61.29975
61.309375
61.319
61.34375
61.3685
61.39325
61.43375
61.4495
61.46525
61.481
61.48985714
61.49871429
61.50757143
61.51642857
61.52528571
61.53414286
61.543
61.550875
61.55875
61.566625
61.5745
61.582375
61.59025
61.598125
61.606
61.61375
61.6215
61.62925
61.637
61.64475
61.6525
61.66025
61.668
61.677
61.686
61.695
61.704
61.713
61.722
61.731
61.752
61.773
61.871
61.877
61.883
61.889
61.895
61.901
61.907
61.913
61.919
61.9345
61.95
61.9655
61.981
61.988875
61.99675
62.004625
62.0125
62.020375
62.02825
62.036125
62.044
62.05175
62.0595
62.06725
62.075
62.08275
62.0905
62.09825
62.106
62.11485714
62.12371429
62.13257143
62.14142857
62.15028571
62.15914286
62.168
62.177
62.186
62.195
62.204
62.213
62.222
62.231
62.25771429
62.28442857
62.31114286
62.33785714
62.36457143
62.39128571
62.418
62.42575
62.4335
62.44125
62.449
62.45675
62.4645
62.47225
62.48
62.51125
62.5425
62.57375
62.605
62.626
62.647
62.668
62.67575
62.6835
62.69125
62.699
62.70675
62.7145
62.72225
62.73
62.82366667
62.83933333
62.855
62.86275
62.8705
62.87825
62.886
62.89375
62.9015
62.90925
62.917
62.9275
62.938
62.9485
62.959
62.9695
62.98
63.066
63.152
63.238
63.324
63.41
63.496
63.582
63.668
63.67685714
63.68571429
63.69457143
63.70342857
63.71228571
63.72114286
63.73
63.73775
63.7455
63.75325
63.761
63.76875
63.7765
63.78425
63.792
63.8046
63.8172
63.8298
63.8424
63.855
63.98
64.105
64.23
64.355
64.48
64.4955
64.511
64.5265
64.542
64.551
64.56
64.569
64.578
64.587
64.596
64.605
64.667
64.73
64.73775
64.7455
64.75325
64.761
64.76875
64.7765
64.78425
64.792
64.80314286
64.81428571
64.82542857
64.83657143
64.84771429
64.85885714
64.87
64.875875
64.88175
64.887625
64.8935
64.899375
64.90525
64.911125
64.917
65.855
65.86275
65.8705
65.87825
65.886
65.89375
65.9015
65.90925
65.917
66.0646
66.2122
66.3598
66.5074
66.655
66.6705
66.686
66.7015
66.717
66.72675
66.7365
66.74625
66.756
66.76575
66.7755
66.78525
66.795
66.80283333
66.81066667
66.8185
66.82633333
66.83416667
66.842
66.84975
66.8575
66.86525
66.873
66.88075
66.8885
66.89625
66.904
66.913
66.922
66.931
66.94
66.949
66.958
66.967
66.992
67.017
67.042
67.067
67.092
67.10085714
67.10971429
67.11857143
67.12742857
67.13628571
67.14514286
67.154
67.1645
67.175
67.1855
67.196
67.2065
67.217
67.22585714
67.23471429
67.24357143
67.25242857
67.26128571
67.27014286
67.279
67.3038
67.3286
67.3534
67.3782
67.41333333
67.42366667
67.434
67.44433333
67.45466667
67.465
67.48583333
67.50666667
67.5275
67.54833333
67.56916667
67.59
67.60575
67.6215
67.63725
67.653
67.66185714
67.67071429
67.67957143
67.68842857
67.69728571
67.70614286
67.715
67.728
67.741
67.754
67.767
67.78
67.793
67.806625
67.82025
67.833875
67.8475
67.861125
67.87475
67.888375
67.902
67.91775
67.9335
67.94925
67.965
67.97385714
67.98271429
67.99157143
68.00042857
68.00928571