0
0.021
0.042
0.05528571429
0.06857142857
0.08185714286
0.09514285714
0.1084285714
0.1217142857
0.135
0.5885
1.0525
1.063
1.0735
1.084
1.0945
1.105
1.177833333
1.250666667
1.3235
1.396333333
1.469166667
1.542
1.5575
1.573
1.5885
1.604
1.61675
1.6295
1.64225
1.655
1.66775
1.6805
1.69325
1.706
1.847
1.868
1.889
1.91
1.921625
1.93325
1.944875
1.9565
1.968125
1.97975
1.991375
2.003
2.097
2.106
2.115
2.124
2.133
2.142
2.151
2.16
2.3475
2.535
2.7225
2.9224
2.9348
2.9472
2.9596
2.972
3.007714286
3.043428571
3.079142857
3.114857143
3.150571429
3.186285714
3.222
3.2348
3.2476
3.2604
3.2732
3.286
3.299285714
3.312571429
3.325857143
3.339142857
3.352428571
3.365714286
3.379
3.411
3.4265
3.442
3.4575
3.473
3.484142857
3.495285714
3.506428571
3.517571429
3.528714286
3.539857143
3.551
3.723
3.785
3.792875
3.80075
3.808625
3.8165
3.824375
3.83225
3.840125
3.848
3.993666667
4.139333333
4.285
4.294
4.303
4.312
4.321
4.33
4.339
4.348
4.379166667
4.410333333
4.4415
4.472666667
4.503833333
4.535
4.54275
4.5505
4.55825
4.566
4.57375
4.5815
4.58925
4.597
4.62825
4.6595
4.69075
4.743
4.764
4.785
4.79175
4.7985
4.80525
4.812
4.81875
4.8255
4.83225
4.839
5.027
5.0394
5.0518
5.0642
5.0766
5.089
5.0995
5.11
5.1205
5.131
5.1415
5.152
5.3395
5.527
5.558
5.589
5.596875
5.60475
5.612625
5.6205
5.628375
5.63625
5.644125
5.652
5.714
5.7886
5.8012
5.8138
5.8264
5.839
5.874714286
5.910428571
5.946142857
5.981857143
6.017571429
6.053285714
6.089
6.097857143
6.106714286
6.115571429
6.124428571
6.133285714
6.142142857
6.151
6.171833333
6.192666667
6.2135
6.234333333
6.255166667
6.276
6.2995
6.323
6.3465
6.37
6.3762
6.3824
6.3886
6.3948
6.401
6.408875
6.41675
6.424625
6.4325
6.440375
6.44825
6.456125
6.464
6.481857143
6.499714286
6.517571429
6.535428571
6.553285714
6.571142857
6.6085
6.628
6.6475
6.667
6.673714286
6.680428571
6.687142857
6.693857143
6.700571429
6.707285714
6.714
6.839
6.84675
6.8545
6.86225
6.87
6.87775
6.8855
6.89325
6.901
6.908875
6.91675
6.924625
6.9325
6.940375
6.94825
6.956125
6.964
6.9742
6.9844
6.9946
7.0048
7.015
7.041333333
7.067666667
7.094
7.101875
7.10975
7.117625
7.1255
7.133375
7.14125
7.149125
7.157
7.18825
7.2195
7.25075
7.282
7.29775
7.3135
7.32925
7.345
7.353857143
7.362714286
7.371571429
7.380428571
7.389285714
7.398142857
7.407
7.41675
7.4265
7.43625
7.446
7.45575
7.4655
7.47525
7.485
7.5068
7.5286
7.5504
7.5722
7.602666667
7.611333333
7.62
7.628666667
7.637333333
7.646
7.6584
7.6708
7.6832
7.6956
7.708
7.833
7.842875
7.85275
7.862625
7.8725
7.882375
7.89225
7.902125
7.912
7.969333333
8.026666667
8.084
8.146
8.15375
8.1615
8.16925
8.177
8.18475
8.1925
8.20025
8.208
8.215875
8.22375
8.231625
8.2395
8.247375
8.25525
8.263125
8.271
8.279857143
8.288714286
8.297571429
8.306428571
8.315285714
8.324142857
8.333
8.342
8.351
8.36
8.369
8.378
8.387
8.396
8.40775
8.4195
8.43125
8.443
8.45475
8.4665
8.47825
8.49
8.493875
8.49775
8.501625
8.5055
8.509375
8.51325
8.517125
8.521
8.562666667
8.604333333
8.656333333
8.666666667
8.677
8.687333333
8.697666667
8.708
8.719142857
8.730285714
8.741428571
8.752571429
8.763714286
8.774857143
8.786
8.791875
8.79775
8.803625
8.8095
8.815375
8.82125
8.827125
8.833
8.86425
8.8955
8.92675
8.958
8.967
8.976
8.985
8.994
9.003
9.012
9.021
9.046
9.071
9.096
9.121
9.146
9.1615
9.177
9.1925
9.208
9.223625
9.23925
9.254875
9.2705
9.286125
9.30175
9.317375
9.333
9.344142857
9.355285714
9.366428571
9.377571429
9.388714286
9.399857143
9.411
9.416875
9.42275
9.428625
9.4345
9.440375
9.44625
9.452125
9.458
9.46575
9.4735
9.48125
9.489
9.49675
9.5045
9.51225
9.52
9.614
9.645
9.653857143
9.662714286
9.671571429
9.680428571
9.689285714
9.698142857
9.707
9.714875
9.72275
9.730625
9.7385
9.746375
9.75425
9.762125
9.77
9.785625
9.80125
9.816875
9.8325
9.848125
9.86375
9.879375
9.895
9.957
9.964875
9.97275
9.980625
9.9885
9.996375
10.00425
10.012125
10.02
10.06166667
10.10333333
10.145
10.15533333
10.16566667
10.176
10.18633333
10.19666667
10.207
10.216875
10.22675
10.236625
10.2465
10.256375
10.26625
10.276125
10.286
10.29271429
10.29942857
10.30614286
10.31285714
10.31957143
10.32628571
10.333
10.344
10.355
10.366
10.377
10.388
10.399
10.41
10.416
10.422
10.428
10.434
10.44
10.446
10.452
10.458
10.46575
10.4735
10.48125
10.489
10.49675
10.5045
10.51225
10.52
10.545
10.57
10.595
10.62
10.6605
10.676
10.6915
10.707
10.716
10.725
10.734
10.743
10.752
10.761
10.77
10.77975
10.7895
10.79925
10.809
10.81875
10.8285
10.83825
10.848
10.85471429
10.86142857
10.86814286
10.87485714
10.88157143
10.88828571
10.895
10.90475
10.9145
10.92425
10.934
10.94375
10.9535
10.96325
10.973
10.97971429
10.98642857
10.99314286
10.99985714
11.00657143
11.01328571
11.02
11.02775
11.0355
11.04325
11.051
11.05875
11.0665
11.07425
11.082
11.145
11.152875
11.16075
11.168625
11.1765
11.184375
11.19225
11.200125
11.208
11.21575
11.2235
11.23125
11.239
11.24675
11.2545
11.26225
11.27
11.28114286
11.29228571
11.30342857
11.31457143
11.32571429
11.33685714
11.348
11.4425
11.489
11.493
11.497
11.501
11.505
11.509
11.513
11.517
11.521
11.5835
11.65375
11.6615
11.66925
11.677
11.68475
11.6925
11.70025
11.708
11.717
11.726
11.735
11.744
11.753
11.762
11.771
11.78166667
11.79233333
11.803
11.81366667
11.82433333
11.835
11.844
11.853
11.862
11.871
11.88
11.889
11.898
11.90575
11.9135
11.92125
11.929
11.93675
11.9445
11.95225
11.96
11.97342857
11.98685714
12.00028571
12.01371429
12.02714286
12.04057143
12.054
12.057875
12.06175
12.065625
12.0695
12.073375
12.07725
12.081125
12.085
12.092875
12.10075
12.108625
12.1165
12.124375
12.13225
12.140125
12.148
12.15685714
12.16571429
12.17457143
12.18342857
12.19228571
12.20114286
12.21
12.217875
12.22575
12.233625
12.2415
12.249375
12.25725
12.265125
12.273
12.28075
12.2885
12.29625
12.304
12.31175
12.3195
12.32725
12.335
12.36
12.385
12.41
12.435
12.47575
12.4915
12.50725
12.523
12.534625
12.54625
12.557875
12.5695
12.581125
12.59275
12.604375
12.616
12.62133333
12.62666667
12.632
12.63733333
12.64266667
12.648
12.65575
12.6635
12.67125
12.679
12.68675
12.6945
12.70225
12.71
12.717875
12.72575
12.733625
12.7415
12.749375
12.75725
12.765125
12.773
12.78185714
12.79071429
12.79957143
12.80842857
12.81728571
12.82614286
12.835
12.84275
12.8505
12.85825
12.866
12.87375
12.8815
12.88925
12.897
12.96
12.98066667
13.00133333
13.022
13.029875
13.03775
13.045625
13.0535
13.061375
13.06925
13.077125
13.085
13.098
13.111
13.124
13.137
13.15
13.163
13.17083333
13.17866667
13.1865
13.19433333
13.20216667
13.21
13.293
13.314
13.335
13.34275
13.3505
13.35825
13.366
13.37375
13.3815
13.38925
13.397
13.4075
13.418
13.4285
13.439
13.4495
13.46
13.46775
13.4755
13.48325
13.491
13.49875
13.5065
13.51425
13.522
13.531
13.54
13.549
13.558
13.567
13.576
13.585
13.59385714
13.60271429
13.61157143
13.62042857
13.62928571
13.63814286
13.647
13.65675
13.6665
13.67625
13.686
13.69575
13.7055
13.71525
13.725
13.730875
13.73675
13.742625
13.7485
13.754375
13.76025
13.766125
13.772
13.7825
13.793
13.8035
13.814
13.8245
13.835
13.84385714
13.85271429
13.86157143
13.87042857
13.87928571
13.88814286
13.897
13.904875
13.91275
13.920625
13.9285
13.936375
13.94425
13.952125
13.96
13.96775
13.9755
13.98325
13.991
13.99875
14.0065
14.01425
14.022
14.031
14.04
14.049
14.058
14.067
14.076
14.085
14.09275
14.1005
14.10825
14.116
14.12375
14.1315
14.13925
14.147
14.154875
14.16275
14.170625
14.1785
14.186375
14.19425
14.202125
14.21
14.22114286
14.23228571
14.24342857
14.25457143
14.26571429
14.27685714
14.288
14.293875
14.29975
14.305625
14.3115
14.317375
14.32325
14.329125
14.335
14.34275
14.3505
14.35825
14.366
14.37375
14.3815
14.38925
14.397
14.4075
14.418
14.4285
14.439
14.4495
14.46
14.46885714
14.47771429
14.48657143
14.49542857
14.50428571
14.51314286
14.522
14.529875
14.53775
14.545625
14.5535
14.561375
14.56925
14.577125
14.585
14.59275
14.6005
14.60825
14.616
14.62375
14.6315
14.63925
14.647
14.65814286
14.66928571
14.68042857
14.69157143
14.70271429
14.71385714
14.725
14.730875
14.73675
14.742625
14.7485
14.754375
14.76025
14.766125
14.772
14.866
14.87633333
14.88666667
14.897
14.90475
14.9125
14.92025
14.928
14.93575
14.9435
14.95125
14.959
14.968
14.977
14.986
14.995
15.004
15.013
15.022
15.03085714
15.03971429
15.04857143
15.05742857
15.06628571
15.07514286
15.084
15.0945
15.105
15.1155
15.126
15.1365
15.147
15.15585714
15.16471429
15.17357143
15.18242857
15.19128571
15.20014286
15.209
15.216875
15.22475
15.232625
15.2405
15.248375
15.25625
15.264125
15.272
15.281
15.29
15.299
15.308
15.317
15.326
15.335
15.346625
15.35825
15.369875
15.3815
15.393125
15.40475
15.416375
15.428
15.432
15.436
15.44
15.444
15.448
15.452
15.456
15.46
15.46885714
15.47771429
15.48657143
15.49542857
15.50428571
15.51314286
15.522
15.52975
15.5375
15.54525
15.553
15.56075
15.5685
15.57625
15.584
15.591875
15.59975
15.607625
15.6155
15.623375
15.63125
15.639125
15.647
15.654875
15.66275
15.670625
15.6785
15.686375
15.69425
15.702125
15.71
15.7224
15.7348
15.7472
15.7596
15.772
15.78175
15.7915
15.80125
15.811
15.82075
15.8305
15.84025
15.85
15.855875
15.86175
15.867625
15.8735
15.879375
15.88525
15.891125
15.897
15.90814286
15.91928571
15.93042857
15.94157143
15.95271429
15.96385714
15.975
15.980875
15.98675
15.992625
15.9985
16.004375
16.01025
16.016125
16.022
16.02975
16.0375
16.04525
16.053
16.06075
16.0685
16.07625
16.084
16.093
16.102
16.111
16.12
16.129
16.138
16.147
16.15475
16.1625
16.17025
16.178
16.18575
16.1935
16.20125
16.209
16.216875
16.22475
16.232625
16.2405
16.248375
16.25625
16.264125
16.272
16.27975
16.2875
16.29525
16.303
16.31075
16.3185
16.32625
16.334
16.3466
16.3592
16.3718
16.3844
16.397
16.40475
16.4125
16.42025
16.428
16.43575
16.4435
16.45125
16.459
16.469375
16.47975
16.490125
16.5005
16.510875
16.52125
16.531625
16.542
16.54642857
16.55085714
16.55528571
16.55971429
16.56414286
16.56857143
16.573
16.58333333
16.59366667
16.604
16.61433333
16.62466667
16.635
16.642875
16.65075
16.658625
16.6665
16.674375
16.68225
16.690125
16.698
16.70685714
16.71571429
16.72457143
16.73342857
16.74228571
16.75114286
16.76
16.767875
16.77575
16.783625
16.7915
16.799375
16.80725
16.815125
16.823
16.830875
16.83875
16.846625
16.8545
16.862375
16.87025
16.878125
16.886
16.89575
16.9055
16.91525
16.925
16.93475
16.9445
16.95425
16.964
16.97071429
16.97742857
16.98414286
16.99085714
16.99757143
17.00428571
17.011
17.01875
17.0265
17.03425
17.042
17.04975
17.0575
17.06525
17.073
17.080875
17.08875
17.096625
17.1045
17.112375
17.12025
17.128125
17.136
17.14485714
17.15371429
17.16257143
17.17142857
17.18028571
17.18914286
17.198
17.2085
17.219
17.2295
17.24
17.2505
17.261
17.26875
17.2765
17.28425
17.292
17.29975
17.3075
17.31525
17.323
17.33185714
17.34071429
17.34957143
17.35842857
17.36728571
17.37614286
17.385
17.392875
17.40075
17.408625
17.4165
17.424375
17.43225
17.440125
17.448
17.45775
17.4675
17.47725
17.487
17.49675
17.5065
17.51625
17.526
17.531875
17.53775
17.543625
17.5495
17.555375
17.56125
17.567125
17.573
17.58185714
17.59071429
17.59957143
17.60842857
17.61728571
17.62614286
17.635
17.642875
17.65075
17.658625
17.6665
17.674375
17.68225
17.690125
17.698
17.70575
17.7135
17.72125
17.729
17.73675
17.7445
17.75225
17.76
17.769
17.778
17.787
17.796
17.805
17.814
17.823
17.83333333
17.84366667
17.854
17.86433333
17.87466667
17.885
17.89475
17.9045
17.91425
17.924
17.93375
17.9435
17.95325
17.963
17.96985714
17.97671429
17.98357143
17.99042857
17.99728571
18.00414286
18.011
18.02075
18.0305
18.04025
18.05
18.05975
18.0695
18.07925
18.089
18.094875
18.10075
18.106625
18.1125
18.118375
18.12425
18.130125
18.136
18.14375
18.1515
18.15925
18.167
18.17475
18.1825
18.19025
18.198
18.207
18.216
18.225
18.234
18.243
18.252
18.261
18.26875
18.2765
18.28425
18.292
18.29975
18.3075
18.31525
18.323
18.330875
18.33875
18.346625
18.3545
18.362375
18.37025
18.378125
18.386
18.39485714
18.40371429
18.41257143
18.42142857
18.43028571
18.43914286
18.448
18.45975
18.4715
18.48325
18.495
18.50675
18.5185
18.53025
18.542
18.54716667
18.55233333
18.5575
18.56266667
18.56783333
18.573
18.582
18.591
18.6
18.609
18.618
18.627
18.636
18.64375
18.6515
18.65925
18.667
18.67475
18.6825
18.69025
18.698
18.705875
18.71375
18.721625
18.7295
18.737375
18.74525
18.753125
18.761
18.76985714
18.77871429
18.78757143
18.79642857
18.80528571
18.81414286
18.823
18.830875
18.83875
18.846625
18.8545
18.862375
18.87025
18.878125
18.886
18.89375
18.9015
18.90925
18.917
18.92475
18.9325
18.94025
18.948
18.955875
18.96375
18.971625
18.9795
18.987375
18.99525
19.003125
19.011
19.02214286
19.03328571
19.04442857
19.05557143
19.06671429
19.07785714
19.089
19.094875
19.10075
19.106625
19.1125
19.118375
19.12425
19.130125
19.136
19.14633333
19.15666667
19.167
19.17733333
19.18766667
19.198
19.207
19.216
19.225
19.234
19.243
19.252
19.261
19.26875
19.2765
19.28425
19.292
19.29975
19.3075
19.31525
19.323
19.330875
19.33875
19.346625
19.3545
19.362375
19.37025
19.378125
19.386
19.39485714
19.40371429
19.41257143
19.42142857
19.43028571
19.43914286
19.448
19.457625
19.46725
19.476875
19.4865
19.496125
19.50575
19.515375
19.525
19.530875
19.53675
19.542625
19.5485
19.554375
19.56025
19.566125
19.572
19.58175
19.5915
19.60125
19.611
19.62075
19.6305
19.64025
19.65
19.65671429
19.66342857
19.67014286
19.67685714
19.68357143
19.69028571
19.697
19.704875
19.71275
19.720625
19.7285
19.736375
19.74425
19.752125
19.76
19.77033333
19.78066667
19.791
19.80133333
19.81166667
19.822
19.831
19.84
19.849
19.858
19.867
19.876
19.885
19.89275
19.9005
19.90825
19.916
19.92375
19.9315
19.93925
19.947
19.954875
19.96275
19.970625
19.9785
19.986375
19.99425
20.002125
20.01
20.01885714
20.02771429
20.03657143
20.04542857
20.05428571
20.06314286
20.072
20.079875
20.08775
20.095625
20.1035
20.111375
20.11925
20.127125
20.135
20.146625
20.15825
20.169875
20.1815
20.193125
20.20475
20.216375
20.228
20.232
20.236
20.24
20.244
20.248
20.252
20.256
20.26
20.26885714
20.27771429
20.28657143
20.29542857
20.30428571
20.31314286
20.322
20.329875
20.33775
20.345625
20.3535
20.361375
20.36925
20.377125
20.385
20.385
20.385
20.385
20.385
20.385
20.385
20.416
20.447
20.4596
20.4722
20.4848
20.4974
20.51
20.51775
20.5255
20.53325
20.541
20.54875
20.5565
20.56425
20.572
20.58175
20.5915
20.60125
20.611
20.62075
20.6305
20.64025
20.65
20.65671429
20.66342857
20.67014286
20.67685714
20.68357143
20.69028571
20.697
20.70875
20.7205
20.73225
20.744
20.75575
20.7675
20.77925
20.791
20.794875
20.79875
20.802625
20.8065
20.810375
20.81425
20.818125
20.822
20.82975
20.8375
20.84525
20.853
20.86075
20.8685
20.87625
20.884
20.893
20.902
20.911
20.92
20.929
20.938
20.947
20.95475
20.9625
20.97025
20.978
20.98575
20.9935
21.00125
21.009
21.0195
21.03
21.0405
21.051
21.0615
21.072
21.08085714
21.08971429
21.09857143
21.10742857
21.11628571
21.12514286
21.134
21.143875
21.15375
21.163625
21.1735
21.183375
21.19325
21.203125
21.213
21.218875
21.22475
21.230625
21.2365
21.242375
21.24825
21.254125
21.26
21.27328571
21.28657143
21.29985714
21.31314286
21.32642857
21.33971429
21.353
21.357
21.361
21.365
21.369
21.373
21.377
21.381
21.385
21.39275
21.4005
21.40825
21.416
21.42375
21.4315
21.43925
21.447
21.456
21.465
21.474
21.483
21.492
21.501
21.51
21.51775
21.5255
21.53325
21.541
21.54875
21.5565
21.56425
21.572
21.579875
21.58775
21.595625
21.6035
21.611375
21.61925
21.627125
21.635
21.64275
21.6505
21.65825
21.666
21.67375
21.6815
21.68925
21.697
21.7126
21.7282
21.7438
21.7594
21.775
21.780875
21.78675
21.792625
21.7985
21.804375
21.81025
21.816125
21.822
21.83375
21.8455
21.85725
21.869
21.88075
21.8925
21.90425
21.916
21.92042857
21.92485714
21.92928571
21.93371429
21.93814286
21.94257143
21.947
21.95475
21.9625
21.97025
21.978
21.98575
21.9935
22.00125
22.009
22.016875
22.02475
22.032625
22.0405
22.048375
22.05625
22.064125
22.072
22.08085714
22.08971429
22.09857143
22.10742857
22.11628571
22.12514286
22.134
22.141875
22.14975
22.157625
22.1655
22.173375
22.18125
22.189125
22.197
22.20475
22.2125
22.22025
22.228
22.23575
22.2435
22.25125
22.259
22.266875
22.27475
22.282625
22.2905
22.298375
22.30625
22.314125
22.322
22.3346
22.3472
22.3598
22.3724
22.385
22.39525
22.4055
22.41575
22.426
22.43625
22.4465
22.45675
22.467
22.471
22.475
22.479
22.483
22.487
22.491
22.495
22.499
22.50785714
22.51671429
22.52557143
22.53442857
22.54328571
22.55214286
22.561
22.5715
22.582
22.5925
22.603
22.6135
22.624
22.63175
22.6395
22.64725
22.655
22.66275
22.6705
22.67825
22.686
22.69375
22.7015
22.70925
22.717
22.72475
22.7325
22.74025
22.748
22.757
22.766
22.775
22.784
22.793
22.802
22.811
22.82075
22.8305
22.84025
22.85
22.85975
22.8695
22.87925
22.889
22.894875
22.90075
22.906625
22.9125
22.918375
22.92425
22.930125
22.936
22.94485714
22.95371429
22.96257143
22.97142857
22.98028571
22.98914286
22.998
23.005875
23.01375
23.021625
23.0295
23.037375
23.04525
23.053125
23.061
23.06875
23.0765
23.08425
23.092
23.09975
23.1075
23.11525
23.123
23.132
23.141
23.15
23.159
23.168
23.177
23.186
23.19633333
23.20666667
23.217
23.22733333
23.23766667
23.248
23.255875
23.26375
23.271625
23.2795
23.287375
23.29525
23.303125
23.311
23.31875
23.3265
23.33425
23.342
23.34975
23.3575
23.36525
23.373
23.38414286
23.39528571
23.40642857
23.41757143
23.42871429
23.43985714
23.451
23.456875
23.46275
23.468625
23.4745
23.480375
23.48625
23.492125
23.498
23.505875
23.51375
23.521625
23.5295
23.537375
23.54525
23.553125
23.561
23.56985714
23.57871429
23.58757143
23.59642857
23.60528571
23.61414286
23.623
23.630875
23.63875
23.646625
23.6545
23.662375
23.67025
23.678125
23.686
23.69375
23.7015
23.70925
23.717
23.72475
23.7325
23.74025
23.748
23.75685714
23.76571429
23.77457143
23.78342857
23.79228571
23.80114286
23.81
23.82316667
23.83633333
23.8495
23.86266667
23.87583333
23.889
23.894875
23.90075
23.906625
23.9125
23.918375
23.92425
23.930125
23.936
23.94928571
23.96257143
23.97585714
23.98914286
24.00242857
24.01571429
24.029
24.032875
24.03675
24.040625
24.0445
24.048375
24.05225
24.056125
24.06
24.067875
24.07575
24.083625
24.0915
24.099375
24.10725
24.115125
24.123
24.130875
24.13875
24.146625
24.1545
24.162375
24.17025
24.178125
24.186
24.19485714
24.20371429
24.21257143
24.22142857
24.23028571
24.23914286
24.248
24.25575
24.2635
24.27125
24.279
24.28675
24.2945
24.30225
24.31
24.317875
24.32575
24.333625
24.3415
24.349375
24.35725
24.365125
24.373
24.38185714
24.39071429
24.39957143
24.40842857
24.41728571
24.42614286
24.435
24.4455
24.456
24.4665
24.477
24.4875
24.498
24.50775
24.5175
24.52725
24.537
24.54675
24.5565
24.56625
24.576
24.58271429
24.58942857
24.59614286
24.60285714
24.60957143
24.61628571
24.623
24.630375
24.63775
24.645125
24.6525
24.659875
24.66725
24.674625
24.682
24.689875
24.69775
24.705625
24.7135
24.721375
24.72925
24.737125
24.745
24.75275
24.7605
24.76825
24.776
24.78375
24.7915
24.79925
24.807
24.816
24.825
24.834
24.843
24.852
24.861
24.87
24.87775
24.8855
24.89325
24.901
24.90875
24.9165
24.92425
24.932
24.939875
24.94775
24.955625
24.9635
24.971375
24.97925
24.987125
24.995
25.0076
25.0202
25.0328
25.0454
25.058
25.067625
25.07725
25.086875
25.0965
25.106125
25.11575
25.125375
25.135
25.141
25.147
25.153
25.159
25.165
25.171
25.177
25.183
25.19185714
25.20071429
25.20957143
25.21842857
25.22728571
25.23614286
25.245
25.33883333
25.43266667
25.5265
25.62033333
25.71416667
25.81685714
25.82571429
25.83457143
25.84342857
25.85228571
25.86114286
25.87
25.87885714
25.88771429
25.89657143
25.90542857
25.91428571
25.92314286
25.932
25.939875
25.94775
25.955625
25.9635
25.971375
25.97925
25.987125
25.995
26.00475
26.0145
26.02425
26.034
26.04375
26.0535
26.06325
26.073
26.07971429
26.08642857
26.09314286
26.09985714
26.10657143
26.11328571
26.12
26.12775
26.1355
26.14325
26.151
26.15875
26.1665
26.17425
26.182
26.189875
26.19775
26.205625
26.2135
26.221375
26.22925
26.237125
26.245
26.25385714
26.26271429
26.27157143
26.28042857
26.28928571
26.29814286
26.307
26.3175
26.328
26.3385
26.349
26.3595
26.37
26.37775
26.3855
26.39325
26.401
26.40875
26.4165
26.42425
26.432
26.439875
26.44775
26.455625
26.4635
26.471375
26.47925
26.487125
26.495
26.50385714
26.51271429
26.52157143
26.53042857
26.53928571
26.54814286
26.557
26.56675
26.5765
26.58625
26.596
26.60575
26.6155
26.62525
26.635
26.640875
26.64675
26.652625
26.6585
26.664375
26.67025
26.676125
26.682
26.691
26.7
26.709
26.718
26.727
26.736
26.745
26.75275
26.7605
26.76825
26.776
26.78375
26.7915
26.79925
26.807
26.832
26.857
26.882
26.907
26.932
26.9475
26.963
26.9785
26.994
27.001875
27.00975
27.017625
27.0255
27.033375
27.04125
27.049125
27.057
27.06475
27.0725
27.08025
27.088
27.09575
27.1035
27.11125
27.119
27.13014286
27.14128571
27.15242857
27.16357143
27.17471429
27.18585714
27.197
27.202875
27.20875
27.214625
27.2205
27.226375
27.23225
27.238125
27.244
27.253
27.262
27.271
27.28
27.289
27.298
27.307
27.314875
27.32275
27.330625
27.3385
27.346375
27.35425
27.362125
27.37
27.37775
27.3855
27.39325
27.401
27.40875
27.4165
27.42425
27.432
27.44085714
27.44971429
27.45857143
27.46742857
27.47628571
27.48514286
27.494
27.501875
27.50975
27.517625
27.5255
27.533375
27.54125
27.549125
27.557
27.56733333
27.57766667
27.588
27.59833333
27.60866667
27.619
27.628
27.637
27.646
27.655
27.664
27.673
27.682
27.76
27.77566667
27.79133333
27.807
27.81475
27.8225
27.83025
27.838
27.84575
27.8535
27.86125
27.869
27.8795
27.89
27.9005
27.911
27.9215
27.932
27.94085714
27.94971429
27.95857143
27.96742857
27.97628571
27.98514286
27.994
28.001875
28.00975
28.017625
28.0255
28.033375
28.04125
28.049125
28.057
28.082
28.107
28.132
28.157
28.182
28.19233333
28.20266667
28.213
28.22333333
28.23366667
28.244
28.2598
28.2756
28.2914
28.3072
28.323
28.328875
28.33475
28.340625
28.3465
28.352375
28.35825
28.364125
28.37
28.37885714
28.38771429
28.39657143
28.40542857
28.41428571
28.42314286
28.432
28.4385
28.445
28.4515
28.458
28.4645
28.471
28.4775
28.484
28.49433333
28.50466667
28.515
28.52533333
28.53566667
28.546
28.55714286
28.56828571
28.57942857
28.59057143
28.60171429
28.61285714
28.624
28.629875
28.63575
28.641625
28.6475
28.653375
28.65925
28.665125
28.671
28.68075
28.6905
28.70025
28.71
28.71975
28.7295
28.73925
28.749
28.75571429
28.76242857
28.76914286
28.77585714
28.78257143
28.78928571
28.796
28.80375
28.8115
28.81925
28.827
28.83475
28.8425
28.85025
28.858
28.865875
28.87375
28.881625
28.8895
28.897375
28.90525
28.913125
28.921
28.92985714
28.93871429
28.94757143
28.95642857
28.96528571
28.97414286
28.983
28.990875
28.99875
29.006625
29.0145
29.022375
29.03025
29.038125
29.046
29.05633333
29.06666667
29.077
29.08733333
29.09766667
29.108
29.133
29.158
29.183
29.208
29.233
29.246
29.259
29.272
29.285
29.298
29.311
29.31771429
29.32442857
29.33114286
29.33785714
29.34457143
29.35128571
29.358
29.365875
29.37375
29.381625
29.3895
29.397375
29.40525
29.413125
29.421
29.42985714
29.43871429
29.44757143
29.45642857
29.46528571
29.47414286
29.483
29.490875
29.49875
29.506625
29.5145
29.522375
29.53025
29.538125
29.546
29.55485714
29.56371429
29.57257143
29.58142857
29.59028571
29.59914286
29.608
29.614375
29.62075
29.627125
29.6335
29.639875
29.64625
29.652625
29.659
29.672
29.685
29.698
29.711
29.724
29.737
29.743
29.749
29.755
29.761
29.767
29.773
29.779
29.785
29.796
29.807
29.818
29.829
29.84
29.851
29.862
29.867875
29.87375
29.879625
29.8855
29.891375
29.89725
29.903125
29.909
29.9195
29.93
29.9405
29.951
29.9615
29.972
29.981
29.99
29.999
30.008
30.017
30.026
30.035
30.04275
30.0505
30.05825
30.066
30.07375
30.0815
30.08925
30.097
30.10475
30.1125
30.12025
30.128
30.13575
30.1435
30.15125
30.159
30.166875
30.17475
30.182625
30.1905
30.198375
30.20625
30.214125
30.222
30.23085714
30.23971429
30.24857143
30.25742857
30.26628571
30.27514286
30.284
30.291875
30.29975
30.307625
30.3155
30.323375
30.33125
30.339125
30.347
30.35675
30.3665
30.37625
30.386
30.39575
30.4055
30.41525
30.425
30.43171429
30.43842857
30.44514286
30.45185714
30.45857143
30.46528571
30.472
30.47975
30.4875
30.49525
30.503
30.51075
30.5185
30.52625
30.534
30.5445
30.555
30.5655
30.576
30.5865
30.597
30.60585714
30.61471429
30.62357143
30.63242857
30.64128571
30.65014286
30.659
30.666875
30.67475
30.682625
30.6905
30.698375
30.70625
30.714125
30.722
30.72975
30.7375
30.74525
30.753
30.76075
30.7685
30.77625
30.784
30.793
30.802
30.811
30.82
30.829
30.838
30.847
30.85475
30.8625
30.87025
30.878
30.88575
30.8935
30.90125
30.909
30.91875
30.9285
30.93825
30.948
30.95775
30.9675
30.97725
30.987
31.009
31.031
31.053
31.075
31.097
31.10733333
31.11766667
31.128
31.13833333
31.14866667
31.159
31.16933333
31.17966667
31.19
31.20033333
31.21066667
31.221
31.228875
31.23675
31.244625
31.2525
31.260375
31.26825
31.276125
31.284
31.29433333
31.30466667
31.315
31.32533333
31.33566667
31.346
31.353875
31.36175
31.369625
31.3775
31.385375
31.39325
31.401125
31.409
31.416875
31.42475
31.432625
31.4405
31.448375
31.45625
31.464125
31.472
31.48314286
31.49428571
31.50542857
31.51657143
31.52771429
31.53885714
31.5655
31.581
31.5965
31.612
31.619875
31.62775
31.635625
31.6435
31.651375
31.65925
31.667125
31.675
31.68533333
31.69566667
31.706
31.71633333
31.72666667
31.737
31.744875
31.75275
31.760625
31.7685
31.776375
31.78425
31.792125
31.8
31.8124
31.8248
31.8372
31.8496
31.862
31.86975
31.8775
31.88525
31.893
31.90075
31.9085
31.91625
31.924
31.931875
31.93975
31.947625
31.9555
31.963375
31.97125
31.979125
31.987
31.99814286
32.00928571
32.02042857
32.03157143
32.04271429
32.05385714
32.065
32.070875
32.07675
32.082625
32.0885
32.094375
32.10025
32.106125
32.112
32.11975
32.1275
32.13525
32.143
32.15075
32.1585
32.16625
32.174
32.2116
32.2492
32.2868
32.3244
32.362
32.38266667
32.40333333
32.424
32.4366
32.4492
32.4618
32.4744
32.487
32.51825
32.5495
32.58075
32.62233333
32.63266667
32.643
32.65333333
32.66366667
32.674
32.6845
32.695
32.7055
32.716
32.7265
32.737
32.74475
32.7525
32.76025
32.768
32.77575
32.7835
32.79125
32.799
32.824
32.849
32.874
32.899
32.924
32.933
32.942
32.951
32.96
32.969
32.978
32.987
33
33.013
33.026
33.039
33.052
33.065
33.07283333
33.08066667
33.0885
33.09633333
33.10416667
33.112
33.12175
33.1315
33.14125
33.151
33.16075
33.1705
33.18025
33.19
33.19671429
33.20342857
33.21014286
33.21685714
33.22357143
33.23028571
33.237
33.24585714
33.25471429
33.26357143
33.27242857
33.28128571
33.29014286
33.299
33.30675
33.3145
33.32225
33.33
33.33775
33.3455
33.35325
33.3734
33.3858
33.3982
33.4106
33.423
33.432
33.441
33.45
33.459
33.468
33.477
33.486
33.49714286
33.50828571
33.51942857
33.53057143
33.54171429
33.55285714
33.564
33.58216667
33.60033333
33.6185
33.63666667
33.65483333
33.673
33.736
33.74375
33.7515
33.75925
33.767
33.77475
33.7825
33.79025
33.798
33.819
33.84
33.861
33.923
33.930875
33.93875
33.946625
33.9545
33.962375
33.97025
33.978125
33.986
33.99633333
34.00666667
34.017
34.02733333
34.03766667
34.048
34.055875
34.06375
34.071625
34.0795
34.087375
34.09525
34.103125
34.111
34.19966667
34.22533333
34.251
34.25771429
34.26442857
34.27114286
34.27785714
34.28457143
34.29128571
34.298
34.355
34.4225
34.433
34.4435
34.454
34.4645
34.475
34.488
34.501
34.514
34.527
34.54
34.553
34.55971429
34.56642857
34.57314286
34.57985714
34.58657143
34.59328571
34.6
34.62083333
34.64166667
34.6625
34.68333333
34.70416667
34.725
34.74566667
34.76633333
34.787
34.794875
34.80275
34.810625
34.8185
34.826375
34.83425
34.842125
34.85
34.85885714
34.86771429
34.87657143
34.88542857
34.89428571
34.90314286
34.912
34.919875
34.92775
34.935625
34.9435
34.951375
34.95925
34.967125
34.975
34.983
34.991
34.999
35.007
35.015
35.023
35.031
35.039
35.05014286
35.06128571
35.07242857
35.08357143
35.09471429
35.10585714
35.117
35.122875
35.12875
35.134625
35.1405
35.146375
35.15225
35.158125
35.211
35.21985714
35.22871429
35.23757143
35.24642857
35.25528571
35.26414286
35.273
35.280875
35.28875
35.296625
35.3045
35.312375
35.32025
35.328125
35.336
35.34375
35.3515
35.35925
35.367
35.37475
35.3825
35.39025
35.398
35.461
35.492
35.523
35.532
35.541
35.55
35.559
35.568
35.577
35.586
35.59375
35.6015
35.60925
35.617
35.62475
35.6325
35.64025
35.648
35.66142857
35.67485714
35.68828571
35.70171429
35.71514286
35.72857143
35.742
35.745875
35.74975
35.753625
35.7575
35.761375
35.76525
35.769125
35.773
35.78333333
35.79366667
35.804
35.81433333
35.82466667
35.835
35.844
35.853
35.862
35.871
35.88
35.889
35.898
35.92925
35.9605
35.99175
36.032
36.041
36.05
36.059
36.068
36.077
36.086
36.095625
36.10525
36.114875
36.1245
36.134125
36.14375
36.153375
36.163
36.16985714
36.17671429
36.18357143
36.19042857
36.19728571
36.20414286
36.211
36.23166667
36.25233333
36.273
36.28075
36.2885
36.29625
36.304
36.31175
36.3195
36.32725
36.335
36.36625
36.3975
36.42875
36.46
36.4795
36.499
36.5185
36.538
36.54471429
36.55142857
36.55814286
36.56485714
36.57157143
36.57828571
36.585
36.663
36.71
36.71775
36.7255
36.73325
36.741
36.74875
36.7565
36.76425
36.772
36.87633333
36.98066667
37.085
37.0974
37.1098
37.1222
37.1346
37.147
37.156
37.165
37.174
37.183
37.192
37.201
37.21
37.22033333
37.23066667
37.241
37.25133333
37.26166667
37.272
37.28175
37.2915
37.30125
37.311
37.32075
37.3305
37.34025
37.35
37.355875
37.36175
37.367625
37.3735
37.379375
37.38525
37.391125
37.397
37.418
37.439
37.46
37.469
37.478
37.487
37.496
37.505
37.514
37.523
37.8216
38.1202
38.4188
38.7174
39.016
39.025
39.034
39.043
39.052
39.061
39.07
39.079
39.1896
39.3002
39.4108
39.5214
39.64233333
39.65266667
39.663
39.67333333
39.68366667
39.694
39.84
39.986
40.132
40.278
40.424
40.57
40.5805
40.591
40.6015
40.612
40.6225
40.633
40.640875
40.64875
40.656625
40.6645
40.672375
40.68025
40.688125
40.696
40.70375
40.7115
40.71925
40.727