0
0.0105
0.021
0.0315
0.042
0.0525
0.063
0.09416666667
0.1253333333
0.1565
0.1876666667
0.2188333333
0.25
0.313
0.3218571429
0.3307142857
0.3395714286
0.3484285714
0.3572857143
0.3661428571
0.375
0.4126
0.4502
0.4878
0.5254
0.563
0.594
0.625
0.638
0.651
0.664
0.677
0.69
0.703
1.164333333
1.625666667
2.087
2.548333333
3.009666667
3.471
3.479555556
3.488111111
3.496666667
3.505222222
3.513777778
3.522333333
3.530888889
3.539444444
3.548
3.57
3.592
3.614
3.636
3.658
3.666857143
3.675714286
3.684571429
3.693428571
3.702285714
3.711142857
3.72
3.737857143
3.755714286
3.773571429
3.791428571
3.809285714
3.827142857
3.908
3.916666667
3.925333333
3.934
3.942666667
3.951333333
3.96
3.968666667
3.977333333
3.986
3.991222222
3.996444444
4.001666667
4.006888889
4.012111111
4.017333333
4.022555556
4.027777778
4.033
4.04075
4.0485
4.05625
4.064
4.07175
4.0795
4.08725
4.095
4.283
4.2954
4.3078
4.3202
4.3326
4.345
4.35475
4.3645
4.37425
4.384
4.39375
4.4035
4.41325
4.423
4.428222222
4.433444444
4.438666667
4.443888889
4.449111111
4.454333333
4.459555556
4.464777778
4.47
4.476888889
4.483777778
4.490666667
4.497555556
4.504444444
4.511333333
4.518222222
4.525111111
4.532
4.541
4.55
4.559
4.568
4.577
4.586
4.595
4.62
4.645
4.67
4.695
4.72
4.727
4.734
4.741
4.748
4.755
4.762
4.769
4.776
4.783
4.796285714
4.809571429
4.822857143
4.836142857
4.849428571
4.862714286
4.876
4.879444444
4.882888889
4.886333333
4.889777778
4.893222222
4.896666667
4.900111111
4.903555556
4.907
4.969666667
5.032333333
5.095
5.1074
5.1198
5.1322
5.1446
5.157
5.1675
5.178
5.1885
5.199
5.2095
5.22
5.227
5.234
5.241
5.248
5.255
5.262
5.269
5.276
5.283
5.291555556
5.300111111
5.308666667
5.317222222
5.325777778
5.334333333
5.342888889
5.351444444
5.36
5.366
5.372
5.378
5.384
5.39
5.396
5.402
5.408
5.568714286
5.729428571
5.890142857
6.050857143
6.211571429
6.372285714
6.533
6.583
6.594166667
6.605333333
6.6165
6.627666667
6.638833333
6.65
6.65
6.65
6.658
6.666
6.674
6.682
6.69
6.698
6.70575
6.7135
6.72125
6.729
6.73675
6.7445
6.75225
6.76
6.767
6.774
6.781
6.788
6.795
6.802
6.809
6.816
6.823
6.831857143
6.840714286
6.849571429
6.858428571
6.867285714
6.876142857
6.885
6.89275
6.9005
6.90825
6.916
6.92375
6.9315
6.93925
6.947
6.954
6.961
6.968
6.975
6.982
6.989
6.996
7.003
7.01
7.01975
7.0295
7.03925
7.049
7.05875
7.0685
7.07825
7.088
7.093222222
7.098444444
7.103666667
7.108888889
7.114111111
7.119333333
7.124555556
7.129777778
7.135
7.145333333
7.155666667
7.166
7.176333333
7.186666667
7.197
7.207333333
7.217666667
7.228
7.231555556
7.235111111
7.238666667
7.242222222
7.245777778
7.249333333
7.252888889
7.256444444
7.26
7.26775
7.2755
7.28325
7.291
7.29875
7.3065
7.31425
7.322
7.329
7.336
7.343
7.35
7.357
7.364
7.371
7.378
7.385
7.391888889
7.398777778
7.405666667
7.412555556
7.419444444
7.426333333
7.433222222
7.440111111
7.447
7.458142857
7.469285714
7.480428571
7.491571429
7.502714286
7.513857143
7.525
7.531125
7.53725
7.543375
7.5495
7.555625
7.56175
7.567875
7.574
7.584333333
7.594666667
7.605
7.615333333
7.625666667
7.636
7.646333333
7.656666667
7.667
7.670555556
7.674111111
7.677666667
7.681222222
7.684777778
7.688333333
7.691888889
7.695444444
7.699
7.705888889
7.712777778
7.719666667
7.726555556
7.733444444
7.740333333
7.747222222
7.754111111
7.761
7.768
7.775
7.782
7.789
7.796
7.803
7.81
7.817
7.824
7.865666667
7.907333333
7.949
7.955888889
7.962777778
7.969666667
7.976555556
7.983444444
7.990333333
7.997222222
8.004111111
8.011
8.021444444
8.031888889
8.042333333
8.052777778
8.063222222
8.073666667
8.084111111
8.094555556
8.105
8.108444444
8.111888889
8.115333333
8.118777778
8.122222222
8.125666667
8.129111111
8.132555556
8.136
8.1985
8.27
8.279
8.288
8.297
8.306
8.315
8.324
8.332666667
8.341333333
8.35
8.358666667
8.367333333
8.376
8.384666667
8.393333333
8.402
8.407222222
8.412444444
8.417666667
8.422888889
8.428111111
8.433333333
8.438555556
8.443777778
8.449
8.455555556
8.462111111
8.468666667
8.475222222
8.481777778
8.488333333
8.494888889
8.501444444
8.508
8.515
8.522
8.529
8.536
8.543
8.55
8.557
8.564
8.571
8.57875
8.5865
8.59425
8.602
8.60975
8.6175
8.62525
8.633
8.64
8.647
8.654
8.661
8.668
8.675
8.682
8.689
8.696
8.704857143
8.713714286
8.722571429
8.731428571
8.740285714
8.749142857
8.758
8.766777778
8.775555556
8.784333333
8.793111111
8.801888889
8.810666667
8.819444444
8.828222222
8.837
8.84125
8.8455
8.84975
8.854
8.85825
8.8625
8.86675
8.871
8.88
8.889
8.898
8.907
8.916
8.925
8.934
8.940888889
8.947777778
8.954666667
8.961555556
8.968444444
8.975333333
8.982222222
8.989111111
8.996
9.003
9.01
9.017
9.024
9.031
9.038
9.045
9.052
9.059
9.06875
9.0785
9.08825
9.098
9.10775
9.1175
9.12725
9.137
9.142222222
9.147444444
9.152666667
9.157888889
9.163111111
9.168333333
9.173555556
9.178777778
9.184
9.194333333
9.204666667
9.215
9.225333333
9.235666667
9.246
9.256333333
9.266666667
9.277
9.280555556
9.284111111
9.287666667
9.291222222
9.294777778
9.298333333
9.301888889
9.305444444
9.309
9.31675
9.3245
9.33225
9.34
9.34775
9.3555
9.36325
9.371
9.378
9.385
9.392
9.399
9.406
9.413
9.42
9.427
9.434
9.440888889
9.447777778
9.454666667
9.461555556
9.468444444
9.475333333
9.482222222
9.489111111
9.496
9.509428571
9.522857143
9.536285714
9.549714286
9.563142857
9.576571429
9.59
9.593875
9.59775
9.601625
9.6055
9.609375
9.61325
9.617125
9.621
9.628
9.635
9.642
9.649
9.656
9.663
9.67
9.677
9.684
9.690888889
9.697777778
9.704666667
9.711555556
9.718444444
9.725333333
9.732222222
9.739111111
9.746
9.753
9.76
9.767
9.774
9.781
9.788
9.795
9.802
9.809
9.819333333
9.829666667
9.84
9.850333333
9.860666667
9.871
9.881333333
9.891666667
9.902
9.906
9.91
9.914
9.918
9.922
9.926
9.93
9.934
9.940888889
9.947777778
9.954666667
9.961555556
9.968444444
9.975333333
9.982222222
9.989111111
9.996
10.00288889
10.00977778
10.01666667
10.02355556
10.03044444
10.03733333
10.04422222
10.05111111
10.058
10.065
10.072
10.079
10.086
10.093
10.1
10.107
10.114
10.121
10.13144444
10.14188889
10.15233333
10.16277778
10.17322222
10.18366667
10.19411111
10.20455556
10.215
10.22016667
10.22533333
10.2305
10.23566667
10.24083333
10.246
10.25288889
10.25977778
10.26666667
10.27355556
10.28044444
10.28733333
10.29422222
10.30111111
10.308
10.315
10.322
10.329
10.336
10.343
10.35
10.357
10.364
10.371
10.37875
10.3865
10.39425
10.402
10.40975
10.4175
10.42525
10.433
10.44166667
10.45033333
10.459
10.46766667
10.47633333
10.485
10.49366667
10.50233333
10.511
10.517
10.523
10.529
10.535
10.541
10.547
10.553
10.559
10.56588889
10.57277778
10.57966667
10.58655556
10.59344444
10.60033333
10.60722222
10.61411111
10.621
10.628
10.635
10.642
10.649
10.656
10.663
10.67
10.677
10.684
10.69088889
10.69777778
10.70466667
10.71155556
10.71844444
10.72533333
10.73222222
10.73911111
10.746
10.75575
10.7655
10.77525
10.785
10.79475
10.8045
10.81425
10.824
10.83071429
10.83742857
10.84414286
10.85085714
10.85757143
10.86428571
10.871
10.88133333
10.89166667
10.902
10.91233333
10.92266667
10.933
10.94333333
10.95366667
10.964
10.96755556
10.97111111
10.97466667
10.97822222
10.98177778
10.98533333
10.98888889
10.99244444
10.996
11.00375
11.0115
11.01925
11.027
11.03475
11.0425
11.05025
11.058
11.065
11.072
11.079
11.086
11.093
11.1
11.107
11.114
11.121
11.12788889
11.13477778
11.14166667
11.14855556
11.15544444
11.16233333
11.16922222
11.17611111
11.183
11.19344444
11.20388889
11.21433333
11.22477778
11.23522222
11.24566667
11.25611111
11.26655556
11.277
11.28044444
11.28388889
11.28733333
11.29077778
11.29422222
11.29766667
11.30111111
11.30455556
11.308
11.315875
11.32375
11.331625
11.3395
11.347375
11.35525
11.363125
11.371
11.37788889
11.38477778
11.39166667
11.39855556
11.40544444
11.41233333
11.41922222
11.42611111
11.433
11.442
11.451
11.46
11.469
11.478
11.487
11.496
11.50288889
11.50977778
11.51666667
11.52355556
11.53044444
11.53733333
11.54422222
11.55111111
11.558
11.565875
11.57375
11.581625
11.5895
11.597375
11.60525
11.613125
11.621
11.63133333
11.64166667
11.652
11.66233333
11.67266667
11.683
11.69333333
11.70366667
11.714
11.71755556
11.72111111
11.72466667
11.72822222
11.73177778
11.73533333
11.73888889
11.74244444
11.746
11.75288889
11.75977778
11.76666667
11.77355556
11.78044444
11.78733333
11.79422222
11.80111111
11.808
11.815875
11.82375
11.831625
11.8395
11.847375
11.85525
11.863125
11.871
11.87788889
11.88477778
11.89166667
11.89855556
11.90544444
11.91233333
11.91922222
11.92611111
11.933
11.94344444
11.95388889
11.96433333
11.97477778
11.98522222
11.99566667
12.00611111
12.01655556
12.027
12.03044444
12.03388889
12.03733333
12.04077778
12.04422222
12.04766667
12.05111111
12.05455556
12.058
12.058
12.058
12.058
12.058
12.058
12.058
12.07866667
12.09933333
12.12
12.1305
12.141
12.1515
12.162
12.1725
12.183
12.18988889
12.19677778
12.20366667
12.21055556
12.21744444
12.22433333
12.23122222
12.23811111
12.245
12.25377778
12.26255556
12.27133333
12.28011111
12.28888889
12.29766667
12.30644444
12.31522222
12.324
12.32911111
12.33422222
12.33933333
12.34444444
12.34955556
12.35466667
12.35977778
12.36488889
12.37
12.377875
12.38575
12.393625
12.4015
12.409375
12.41725
12.425125
12.433
12.43988889
12.44677778
12.45366667
12.46055556
12.46744444
12.47433333
12.48122222
12.48811111
12.495
12.502
12.509
12.516
12.523
12.53
12.537
12.544
12.551
12.558
12.56844444
12.57888889
12.58933333
12.59977778
12.61022222
12.62066667
12.63111111
12.64155556
12.652
12.6675
12.683
12.70366667
12.72433333
12.745
12.7555
12.766
12.7765
12.787
12.7975
12.808
12.833
12.858
12.883
12.908
12.933
12.94333333
12.95366667
12.964
12.97433333
12.98466667
12.995
13.002
13.009
13.016
13.023
13.03
13.037
13.044
13.051
13.058
13.06488889
13.07177778
13.07866667
13.08555556
13.09244444
13.09933333
13.10622222
13.11311111
13.12
13.127875
13.13575
13.143625
13.1515
13.159375
13.16725
13.175125
13.183
13.19166667
13.20033333
13.209
13.21766667
13.22633333
13.235
13.24366667
13.25233333
13.261
13.26622222
13.27144444
13.27666667
13.28188889
13.28711111
13.29233333
13.29755556
13.30277778
13.308
13.31833333
13.32866667
13.339
13.34933333
13.35966667
13.37
13.38033333
13.39066667
13.401
13.40633333
13.41166667
13.417
13.42233333
13.42766667
13.433
13.43988889
13.44677778
13.45366667
13.46055556
13.46744444
13.47433333
13.48122222
13.48811111
13.495
13.502
13.509
13.516
13.523
13.53
13.537
13.544
13.551
13.558
13.589
13.62
13.714
13.717875
13.72175
13.725625
13.7295
13.733375
13.73725
13.741125
13.745
13.752
13.759
13.766
13.773
13.78
13.787
13.794
13.801
13.808
13.81488889
13.82177778
13.82866667
13.83555556
13.84244444
13.84933333
13.85622222
13.86311111
13.87
14.058
14.0735
14.089
14.1045
14.12
14.13175
14.1435
14.15525
14.167
14.17875
14.1905
14.20225
14.214
14.2295
14.245
14.276
14.307
14.314
14.321
14.328
14.335
14.342
14.349
14.356
14.363
14.37
14.37885714
14.38771429
14.39657143
14.40542857
14.41428571
14.42314286
14.432
14.44122222
14.45044444
14.45966667
14.46888889
14.47811111
14.48733333
14.49655556
14.50577778
14.515
14.51957143
14.52414286
14.52871429
14.53328571
14.53785714
14.54242857
14.547
14.55475
14.5625
14.57025
14.578
14.58575
14.5935
14.60125
14.609
14.692
14.713
14.734
14.74575
14.7575
14.76925
14.781
14.79275
14.8045
14.81625
14.828
14.83144444
14.83488889
14.83833333
14.84177778
14.84522222
14.84866667
14.85211111
14.85555556
14.859
14.86785714
14.87671429
14.88557143
14.89442857
14.90328571
14.91214286
14.921
15.234
15.24175
15.2495
15.25725
15.265
15.27275
15.2805
15.28825
15.296
15.494
15.692
15.89
16.088
16.286
16.484
16.49175
16.4995
16.50725
16.515
16.52275
16.5305
16.53825
16.546
16.619
16.692
16.765
16.838
16.911
16.984
16.9964
17.0088
17.0212
17.0336
17.046
17.053
17.06
17.067
17.074
17.081
17.088
17.095
17.102
17.109
17.11588889
17.12277778
17.12966667
17.13655556
17.14344444
17.15033333
17.15722222
17.16411111
17.171
17.19183333
17.21266667
17.2335
17.25433333
17.27516667
17.296
17.31166667
17.32733333
17.343
17.35866667
17.37433333
17.39
17.39344444
17.39688889
17.40033333
17.40377778
17.40722222
17.41066667
17.41411111
17.41755556
17.421
17.43133333
17.44166667
17.452
17.46233333
17.47266667
17.483
17.490875
17.49875
17.506625
17.5145
17.522375
17.53025
17.538125
17.546
17.55288889
17.55977778
17.56666667
17.57355556
17.58044444
17.58733333
17.59422222
17.60111111
17.608
17.68625
17.7645
17.84275
17.921
17.92875
17.9365
17.94425
17.952
17.95975
17.9675
17.97525
17.983
17.99642857
18.00985714
18.02328571
18.03671429
18.05014286
18.06357143
18.077
18.08216667
18.08733333
18.0925
18.09766667
18.10283333
18.108
18.209625
18.31125
18.412875
18.5145
18.616125
18.71775
18.819375
18.921
18.983
18.99344444
19.00388889
19.01433333
19.02477778
19.03522222
19.04566667
19.05611111
19.06655556
19.077
19.08142857
19.08585714
19.09028571
19.09471429
19.09914286
19.10357143
19.108
19.11488889
19.12177778
19.12866667
19.13555556
19.14244444
19.14933333
19.15622222
19.16311111
19.17
19.68733333
20.20466667
20.722
20.7325
20.743
20.7535
20.764
20.7745
20.785
20.81625
20.8475
20.87875
20.91
20.94125
20.9725
21.00375
21.035
21.04533333
21.05566667
21.066
21.07633333
21.08666667
21.097
21.112625
21.12825
21.143875
21.1595
21.175125
21.19075
21.206375
21.222
21.284
21.291
21.298
21.305
21.312
21.319
21.326
21.333
21.34
21.347
21.35744444
21.36788889
21.37833333
21.38877778
21.39922222
21.40966667
21.42011111
21.43055556
21.441
21.44444444
21.44788889
21.45133333
21.45477778
21.45822222
21.46166667
21.46511111
21.46855556
21.472
21.493
21.514
21.535
21.542875
21.55075
21.558625
21.5665
21.574375
21.58225
21.590125
21.598
21.63933333
21.68066667
21.722
21.729
21.736
21.743
21.75
21.757
21.764
21.771
21.778