0
0.011625
0.02325
0.034875
0.0465
0.058125
0.06975
0.081375
0.093
2.7365
5.38
8.0235
10.667
10.688
10.709
10.73
10.74328571
10.75657143
10.76985714
10.78314286
10.79642857
10.80971429
10.823
11.2765
11.7405
11.751
11.7615
11.772
11.7825
11.793
11.86583333
11.93866667
12.0115
12.08433333
12.15716667
12.23
12.2455
12.261
12.2765
12.292
12.30475
12.3175
12.33025
12.343
12.35575
12.3685
12.38125
12.394
12.535
12.556
12.577
12.598
12.609625
12.62125
12.632875
12.6445
12.656125
12.66775
12.679375
12.691
12.785
12.794
12.803
12.812
12.821
12.83
12.839
12.848
13.0355
13.223
13.4105
13.6104
13.6228
13.6352
13.6476
13.66
13.69571429
13.73142857
13.76714286
13.80285714
13.83857143
13.87428571
13.91
13.9228
13.9356
13.9484
13.9612
13.974
13.98728571
14.00057143
14.01385714
14.02714286
14.04042857
14.05371429
14.067
14.099
14.1145
14.13
14.1455
14.161
14.17214286
14.18328571
14.19442857
14.20557143
14.21671429
14.22785714
14.239
14.411
14.473
14.480875
14.48875
14.496625
14.5045
14.512375
14.52025
14.528125
14.536
14.68166667
14.82733333
14.973
14.982
14.991
15
15.009
15.018
15.027
15.036
15.06716667
15.09833333
15.1295
15.16066667
15.19183333
15.223
15.23075
15.2385
15.24625
15.254
15.26175
15.2695
15.27725
15.285
15.31625
15.3475
15.37875
15.431
15.452
15.473
15.47975
15.4865
15.49325
15.5
15.50675
15.5135
15.52025
15.527
15.715
15.7274
15.7398
15.7522
15.7646
15.777
15.7875
15.798
15.8085
15.819
15.8295
15.84
16.0275
16.215
16.246
16.277
16.284875
16.29275
16.300625
16.3085
16.316375
16.32425
16.332125
16.34
16.402
16.4766
16.4892
16.5018
16.5144
16.527
16.56271429
16.59842857
16.63414286
16.66985714
16.70557143
16.74128571
16.777
16.78585714
16.79471429
16.80357143
16.81242857
16.82128571
16.83014286
16.839
16.85983333
16.88066667
16.9015
16.92233333
16.94316667
16.964
16.9875
17.011
17.0345
17.058
17.0642
17.0704
17.0766
17.0828
17.089
17.096875
17.10475
17.112625
17.1205
17.128375
17.13625
17.144125
17.152
17.16985714
17.18771429
17.20557143
17.22342857
17.24128571
17.25914286
17.2965
17.316
17.3355
17.355
17.36171429
17.36842857
17.37514286
17.38185714
17.38857143
17.39528571
17.402
17.527
17.53475
17.5425
17.55025
17.558
17.56575
17.5735
17.58125
17.589
17.596875
17.60475
17.612625
17.6205
17.628375
17.63625
17.644125
17.652
17.6622
17.6724
17.6826
17.6928
17.703
17.72933333
17.75566667
17.782
17.789875
17.79775
17.805625
17.8135
17.821375
17.82925
17.837125
17.845
17.87625
17.9075
17.93875
17.97
17.98575
18.0015
18.01725
18.033
18.04185714
18.05071429
18.05957143
18.06842857
18.07728571
18.08614286
18.095
18.10475
18.1145
18.12425
18.134
18.14375
18.1535
18.16325
18.173
18.1948
18.2166
18.2384
18.2602
18.29066667
18.29933333
18.308
18.31666667
18.32533333
18.334
18.3464
18.3588
18.3712
18.3836
18.396
18.521
18.530875
18.54075
18.550625
18.5605
18.570375
18.58025
18.590125
18.6
18.65733333
18.71466667
18.772
18.834
18.84175
18.8495
18.85725
18.865
18.87275
18.8805
18.88825
18.896
18.903875
18.91175
18.919625
18.9275
18.935375
18.94325
18.951125
18.959
18.96785714
18.97671429
18.98557143
18.99442857
19.00328571
19.01214286
19.021
19.03
19.039
19.048
19.057
19.066
19.075
19.084
19.09575
19.1075
19.11925
19.131
19.14275
19.1545
19.16625
19.178
19.181875
19.18575
19.189625
19.1935
19.197375
19.20125
19.205125
19.209
19.25066667
19.29233333
19.34433333
19.35466667
19.365
19.37533333
19.38566667
19.396
19.40714286
19.41828571
19.42942857
19.44057143
19.45171429
19.46285714
19.474
19.479875
19.48575
19.491625
19.4975
19.503375
19.50925
19.515125
19.521
19.55225
19.5835
19.61475
19.646
19.655
19.664
19.673
19.682
19.691
19.7
19.709
19.734
19.759
19.784
19.809
19.834
19.8495
19.865
19.8805
19.896
19.911625
19.92725
19.942875
19.9585
19.974125
19.98975
20.005375
20.021
20.03214286
20.04328571
20.05442857
20.06557143
20.07671429
20.08785714
20.099
20.104875
20.11075
20.116625
20.1225
20.128375
20.13425
20.140125
20.146
20.15375
20.1615
20.16925
20.177
20.18475
20.1925
20.20025
20.208
20.302
20.333
20.34185714
20.35071429
20.35957143
20.36842857
20.37728571
20.38614286
20.395
20.402875
20.41075
20.418625
20.4265
20.434375
20.44225
20.450125
20.458
20.473625
20.48925
20.504875
20.5205
20.536125
20.55175
20.567375
20.583
20.645
20.652875
20.66075
20.668625
20.6765
20.684375
20.69225
20.700125
20.708
20.74966667
20.79133333
20.833
20.84333333
20.85366667
20.864
20.87433333
20.88466667
20.895
20.904875
20.91475
20.924625
20.9345
20.944375
20.95425
20.964125
20.974
20.98071429
20.98742857
20.99414286
21.00085714
21.00757143
21.01428571
21.021
21.032
21.043
21.054
21.065
21.076
21.087
21.098
21.104
21.11
21.116
21.122
21.128
21.134
21.14
21.146
21.15375
21.1615
21.16925
21.177
21.18475
21.1925
21.20025
21.208
21.233
21.258
21.283
21.308
21.3485
21.364
21.3795
21.395
21.404
21.413
21.422
21.431
21.44
21.449
21.458
21.46775
21.4775
21.48725
21.497
21.50675
21.5165
21.52625
21.536
21.54271429
21.54942857
21.55614286
21.56285714
21.56957143
21.57628571
21.583
21.59275
21.6025
21.61225
21.622
21.63175
21.6415
21.65125
21.661
21.66771429
21.67442857
21.68114286
21.68785714
21.69457143
21.70128571
21.708
21.71575
21.7235
21.73125
21.739
21.74675
21.7545
21.76225
21.77
21.833
21.840875
21.84875
21.856625
21.8645
21.872375
21.88025
21.888125
21.896
21.90375
21.9115
21.91925
21.927
21.93475
21.9425
21.95025
21.958
21.96914286
21.98028571
21.99142857
22.00257143
22.01371429
22.02485714
22.036
22.1305
22.177
22.181
22.185
22.189
22.193
22.197
22.201
22.205
22.209
22.2715
22.34175
22.3495
22.35725
22.365
22.37275
22.3805
22.38825
22.396
22.405
22.414
22.423
22.432
22.441
22.45
22.459
22.46966667
22.48033333
22.491
22.50166667
22.51233333
22.523
22.532
22.541
22.55
22.559
22.568
22.577
22.586
22.59375
22.6015
22.60925
22.617
22.62475
22.6325
22.64025
22.648
22.66142857
22.67485714
22.68828571
22.70171429
22.71514286
22.72857143
22.742
22.745875
22.74975
22.753625
22.7575
22.761375
22.76525
22.769125
22.773
22.780875
22.78875
22.796625
22.8045
22.812375
22.82025
22.828125
22.836
22.84485714
22.85371429
22.86257143
22.87142857
22.88028571
22.88914286
22.898
22.905875
22.91375
22.921625
22.9295
22.937375
22.94525
22.953125
22.961
22.96875
22.9765
22.98425
22.992
22.99975
23.0075
23.01525
23.023
23.048
23.073
23.098
23.123
23.16375
23.1795
23.19525
23.211
23.222625
23.23425
23.245875
23.2575
23.269125
23.28075
23.292375
23.304
23.30933333
23.31466667
23.32
23.32533333
23.33066667
23.336
23.34375
23.3515
23.35925
23.367
23.37475
23.3825
23.39025
23.398
23.405875
23.41375
23.421625
23.4295
23.437375
23.44525
23.453125
23.461
23.46985714
23.47871429
23.48757143
23.49642857
23.50528571
23.51414286
23.523
23.53075
23.5385
23.54625
23.554
23.56175
23.5695
23.57725
23.585
23.648
23.66866667
23.68933333
23.71
23.717875
23.72575
23.733625
23.7415
23.749375
23.75725
23.765125
23.773
23.786
23.799
23.812
23.825
23.838
23.851
23.85883333
23.86666667
23.8745
23.88233333
23.89016667
23.898
23.981
24.002
24.023
24.03075
24.0385
24.04625
24.054
24.06175
24.0695
24.07725
24.085
24.0955
24.106
24.1165
24.127
24.1375
24.148
24.15575
24.1635
24.17125
24.179
24.18675
24.1945
24.20225
24.21
24.219
24.228
24.237
24.246
24.255
24.264
24.273
24.28185714
24.29071429
24.29957143
24.30842857
24.31728571
24.32614286
24.335
24.34475
24.3545
24.36425
24.374
24.38375
24.3935
24.40325
24.413
24.418875
24.42475
24.430625
24.4365
24.442375
24.44825
24.454125
24.46
24.4705
24.481
24.4915
24.502
24.5125
24.523
24.53185714
24.54071429
24.54957143
24.55842857
24.56728571
24.57614286
24.585
24.592875
24.60075
24.608625
24.6165
24.624375
24.63225
24.640125
24.648
24.65575
24.6635
24.67125
24.679
24.68675
24.6945
24.70225
24.71
24.719
24.728
24.737
24.746
24.755
24.764
24.773
24.78075
24.7885
24.79625
24.804
24.81175
24.8195
24.82725
24.835
24.842875
24.85075
24.858625
24.8665
24.874375
24.88225
24.890125
24.898
24.90914286
24.92028571
24.93142857
24.94257143
24.95371429
24.96485714
24.976
24.981875
24.98775
24.993625
24.9995
25.005375
25.01125
25.017125
25.023
25.03075
25.0385
25.04625
25.054
25.06175
25.0695
25.07725
25.085
25.0955
25.106
25.1165
25.127
25.1375
25.148
25.15685714
25.16571429
25.17457143
25.18342857
25.19228571
25.20114286
25.21
25.217875
25.22575
25.233625
25.2415
25.249375
25.25725
25.265125
25.273
25.28075
25.2885
25.29625
25.304
25.31175
25.3195
25.32725
25.335
25.34614286
25.35728571
25.36842857
25.37957143
25.39071429
25.40185714
25.413
25.418875
25.42475
25.430625
25.4365
25.442375
25.44825
25.454125
25.46
25.554
25.56433333
25.57466667
25.585
25.59275
25.6005
25.60825
25.616
25.62375
25.6315
25.63925
25.647
25.656
25.665
25.674
25.683
25.692
25.701
25.71
25.71885714
25.72771429
25.73657143
25.74542857
25.75428571
25.76314286
25.772
25.7825
25.793
25.8035
25.814
25.8245
25.835
25.84385714
25.85271429
25.86157143
25.87042857
25.87928571
25.88814286
25.897
25.904875
25.91275
25.920625
25.9285
25.936375
25.94425
25.952125
25.96
25.969
25.978
25.987
25.996
26.005
26.014
26.023
26.034625
26.04625
26.057875
26.0695
26.081125
26.09275
26.104375
26.116
26.12
26.124
26.128
26.132
26.136
26.14
26.144
26.148
26.15685714
26.16571429
26.17457143
26.18342857
26.19228571
26.20114286
26.21
26.21775
26.2255
26.23325
26.241
26.24875
26.2565
26.26425
26.272
26.279875
26.28775
26.295625
26.3035
26.311375
26.31925
26.327125
26.335
26.342875
26.35075
26.358625
26.3665
26.374375
26.38225
26.390125
26.398
26.4104
26.4228
26.4352
26.4476
26.46
26.46975
26.4795
26.48925
26.499
26.50875
26.5185
26.52825
26.538
26.543875
26.54975
26.555625
26.5615
26.567375
26.57325
26.579125
26.585
26.59614286
26.60728571
26.61842857
26.62957143
26.64071429
26.65185714
26.663
26.668875
26.67475
26.680625
26.6865
26.692375
26.69825
26.704125
26.71
26.71775
26.7255
26.73325
26.741
26.74875
26.7565
26.76425
26.772
26.781
26.79
26.799
26.808
26.817
26.826
26.835
26.84275
26.8505
26.85825
26.866
26.87375
26.8815
26.88925
26.897
26.904875
26.91275
26.920625
26.9285
26.936375
26.94425
26.952125
26.96
26.96775
26.9755
26.98325
26.991
26.99875
27.0065
27.01425
27.022
27.0346
27.0472
27.0598
27.0724
27.085
27.09275
27.1005
27.10825
27.116
27.12375
27.1315
27.13925
27.147
27.157375
27.16775
27.178125
27.1885
27.198875
27.20925
27.219625
27.23
27.23442857
27.23885714
27.24328571
27.24771429
27.25214286
27.25657143
27.261
27.27133333
27.28166667
27.292
27.30233333
27.31266667
27.323
27.330875
27.33875
27.346625
27.3545
27.362375
27.37025
27.378125
27.386
27.39485714
27.40371429
27.41257143
27.42142857
27.43028571
27.43914286
27.448
27.455875
27.46375
27.471625
27.4795
27.487375
27.49525
27.503125
27.511
27.518875
27.52675
27.534625
27.5425
27.550375
27.55825
27.566125
27.574
27.58375
27.5935
27.60325
27.613
27.62275
27.6325
27.64225
27.652
27.65871429
27.66542857
27.67214286
27.67885714
27.68557143
27.69228571
27.699
27.70675
27.7145
27.72225
27.73
27.73775
27.7455
27.75325
27.761
27.768875
27.77675
27.784625
27.7925
27.800375
27.80825
27.816125
27.824
27.83285714
27.84171429
27.85057143
27.85942857
27.86828571
27.87714286
27.886
27.8965
27.907
27.9175
27.928
27.9385
27.949
27.95675
27.9645
27.97225
27.98
27.98775
27.9955
28.00325
28.011
28.01985714
28.02871429
28.03757143
28.04642857
28.05528571
28.06414286
28.073
28.080875
28.08875
28.096625
28.1045
28.112375
28.12025
28.128125
28.136
28.14575
28.1555
28.16525
28.175
28.18475
28.1945
28.20425
28.214
28.219875
28.22575
28.231625
28.2375
28.243375
28.24925
28.255125
28.261
28.26985714
28.27871429
28.28757143
28.29642857
28.30528571
28.31414286
28.323
28.330875
28.33875
28.346625
28.3545
28.362375
28.37025
28.378125
28.386
28.39375
28.4015
28.40925
28.417
28.42475
28.4325
28.44025
28.448
28.457
28.466
28.475
28.484
28.493
28.502
28.511
28.52133333
28.53166667
28.542
28.55233333
28.56266667
28.573
28.58275
28.5925
28.60225
28.612
28.62175
28.6315
28.64125
28.651
28.65785714
28.66471429
28.67157143
28.67842857
28.68528571
28.69214286
28.699
28.70875
28.7185
28.72825
28.738
28.74775
28.7575
28.76725
28.777
28.782875
28.78875
28.794625
28.8005
28.806375
28.81225
28.818125
28.824
28.83175
28.8395
28.84725
28.855
28.86275
28.8705
28.87825
28.886
28.895
28.904
28.913
28.922
28.931
28.94
28.949
28.95675
28.9645
28.97225
28.98
28.98775
28.9955
29.00325
29.011
29.018875
29.02675
29.034625
29.0425
29.050375
29.05825
29.066125
29.074
29.08285714
29.09171429
29.10057143
29.10942857
29.11828571
29.12714286
29.136
29.14775
29.1595
29.17125
29.183
29.19475
29.2065
29.21825
29.23
29.23516667
29.24033333
29.2455
29.25066667
29.25583333
29.261
29.27
29.279
29.288
29.297
29.306
29.315
29.324
29.33175
29.3395
29.34725
29.355
29.36275
29.3705
29.37825
29.386
29.393875
29.40175
29.409625
29.4175
29.425375
29.43325
29.441125
29.449
29.45785714
29.46671429
29.47557143
29.48442857
29.49328571
29.50214286
29.511
29.518875
29.52675
29.534625
29.5425
29.550375
29.55825
29.566125
29.574
29.58175
29.5895
29.59725
29.605
29.61275
29.6205
29.62825
29.636
29.643875
29.65175
29.659625
29.6675
29.675375
29.68325
29.691125
29.699
29.71014286
29.72128571
29.73242857
29.74357143
29.75471429
29.76585714
29.777
29.782875
29.78875
29.794625
29.8005
29.806375
29.81225
29.818125
29.824
29.83433333
29.84466667
29.855
29.86533333
29.87566667
29.886
29.895
29.904
29.913
29.922
29.931
29.94
29.949
29.95675
29.9645
29.97225
29.98
29.98775
29.9955
30.00325
30.011
30.018875
30.02675
30.034625
30.0425
30.050375
30.05825
30.066125
30.074
30.08285714
30.09171429
30.10057143
30.10942857
30.11828571
30.12714286
30.136
30.145625
30.15525
30.164875
30.1745
30.184125
30.19375
30.203375
30.213
30.218875
30.22475
30.230625
30.2365
30.242375
30.24825
30.254125
30.26
30.26975
30.2795
30.28925
30.299
30.30875
30.3185
30.32825
30.338
30.34471429
30.35142857
30.35814286
30.36485714
30.37157143
30.37828571
30.385
30.392875
30.40075
30.408625
30.4165
30.424375
30.43225
30.440125
30.448
30.45833333
30.46866667
30.479
30.48933333
30.49966667
30.51
30.519
30.528
30.537
30.546
30.555
30.564
30.573
30.58075
30.5885
30.59625
30.604
30.61175
30.6195
30.62725
30.635
30.642875
30.65075
30.658625
30.6665
30.674375
30.68225
30.690125
30.698
30.70685714
30.71571429
30.72457143
30.73342857
30.74228571
30.75114286
30.76
30.767875
30.77575
30.783625
30.7915
30.799375
30.80725
30.815125
30.823
30.834625
30.84625
30.857875
30.8695
30.881125
30.89275
30.904375
30.916
30.92
30.924
30.928
30.932
30.936
30.94
30.944
30.948
30.95685714
30.96571429
30.97457143
30.98342857
30.99228571
31.00114286
31.01
31.017875
31.02575
31.033625
31.0415
31.049375
31.05725
31.065125
31.073
31.073
31.073
31.073
31.073
31.073
31.073
31.104
31.135
31.1476
31.1602
31.1728
31.1854
31.198
31.20575
31.2135
31.22125
31.229
31.23675
31.2445
31.25225
31.26
31.26975
31.2795
31.28925
31.299
31.30875
31.3185
31.32825
31.338
31.34471429
31.35142857
31.35814286
31.36485714
31.37157143
31.37828571
31.385
31.39675
31.4085
31.42025
31.432
31.44375
31.4555
31.46725
31.479
31.482875
31.48675
31.490625
31.4945
31.498375
31.50225
31.506125
31.51
31.51775
31.5255
31.53325
31.541
31.54875
31.5565
31.56425
31.572
31.581
31.59
31.599
31.608
31.617
31.626
31.635
31.64275
31.6505
31.65825
31.666
31.67375
31.6815
31.68925
31.697
31.7075
31.718
31.7285
31.739
31.7495
31.76
31.76885714
31.77771429
31.78657143
31.79542857
31.80428571
31.81314286
31.822
31.831875
31.84175
31.851625
31.8615
31.871375
31.88125
31.891125
31.901
31.906875
31.91275
31.918625
31.9245
31.930375
31.93625
31.942125
31.948
31.96128571
31.97457143
31.98785714
32.00114286
32.01442857
32.02771429
32.041
32.045
32.049
32.053
32.057
32.061
32.065
32.069
32.073
32.08075
32.0885
32.09625
32.104
32.11175
32.1195
32.12725
32.135
32.144
32.153
32.162
32.171
32.18
32.189
32.198
32.20575
32.2135
32.22125
32.229
32.23675
32.2445
32.25225
32.26
32.267875
32.27575
32.283625
32.2915
32.299375
32.30725
32.315125
32.323
32.33075
32.3385
32.34625
32.354
32.36175
32.3695
32.37725
32.385
32.4006
32.4162
32.4318
32.4474
32.463
32.468875
32.47475
32.480625
32.4865
32.492375
32.49825
32.504125
32.51
32.52175
32.5335
32.54525
32.557
32.56875
32.5805
32.59225
32.604
32.60842857
32.61285714
32.61728571
32.62171429
32.62614286
32.63057143
32.635
32.64275
32.6505
32.65825
32.666
32.67375
32.6815
32.68925
32.697
32.704875
32.71275
32.720625
32.7285
32.736375
32.74425
32.752125
32.76
32.76885714
32.77771429
32.78657143
32.79542857
32.80428571
32.81314286
32.822
32.829875
32.83775
32.845625
32.8535
32.861375
32.86925
32.877125
32.885
32.89275
32.9005
32.90825
32.916
32.92375
32.9315
32.93925
32.947
32.954875
32.96275
32.970625
32.9785
32.986375
32.99425
33.002125
33.01
33.0226
33.0352
33.0478
33.0604
33.073
33.08325
33.0935
33.10375
33.114
33.12425
33.1345
33.14475
33.155
33.159
33.163
33.167
33.171
33.175
33.179
33.183
33.187
33.19585714
33.20471429
33.21357143
33.22242857
33.23128571
33.24014286
33.249
33.2595
33.27
33.2805
33.291
33.3015
33.312
33.31975
33.3275
33.33525
33.343
33.35075
33.3585
33.36625
33.374
33.38175
33.3895
33.39725
33.405
33.41275
33.4205
33.42825
33.436
33.445
33.454
33.463
33.472
33.481
33.49
33.499
33.50875
33.5185
33.52825
33.538
33.54775
33.5575
33.56725
33.577
33.582875
33.58875
33.594625
33.6005
33.606375
33.61225
33.618125
33.624
33.63285714
33.64171429
33.65057143
33.65942857
33.66828571
33.67714286
33.686
33.693875
33.70175
33.709625
33.7175
33.725375
33.73325
33.741125
33.749
33.75675
33.7645
33.77225
33.78
33.78775
33.7955
33.80325
33.811
33.82
33.829
33.838
33.847
33.856
33.865
33.874
33.88433333
33.89466667
33.905
33.91533333
33.92566667
33.936
33.943875
33.95175
33.959625
33.9675
33.975375
33.98325
33.991125
33.999
34.00675
34.0145
34.02225
34.03
34.03775
34.0455
34.05325
34.061
34.07214286
34.08328571
34.09442857
34.10557143
34.11671429
34.12785714
34.139
34.144875
34.15075
34.156625
34.1625
34.168375
34.17425
34.180125
34.186
34.193875
34.20175
34.209625
34.2175
34.225375
34.23325
34.241125
34.249
34.25785714
34.26671429
34.27557143
34.28442857
34.29328571
34.30214286
34.311
34.318875
34.32675
34.334625
34.3425
34.350375
34.35825
34.366125
34.374
34.38175
34.3895
34.39725
34.405
34.41275
34.4205
34.42825
34.436
34.44485714
34.45371429
34.46257143
34.47142857
34.48028571
34.48914286
34.498
34.51116667
34.52433333
34.5375
34.55066667
34.56383333
34.577
34.582875
34.58875
34.594625
34.6005
34.606375
34.61225
34.618125
34.624
34.63728571
34.65057143
34.66385714
34.67714286
34.69042857
34.70371429
34.717
34.720875
34.72475
34.728625
34.7325
34.736375
34.74025
34.744125
34.748
34.755875
34.76375
34.771625
34.7795
34.787375
34.79525
34.803125
34.811
34.818875
34.82675
34.834625
34.8425
34.850375
34.85825
34.866125
34.874
34.88285714
34.89171429
34.90057143
34.90942857
34.91828571
34.92714286
34.936
34.94375
34.9515
34.95925
34.967
34.97475
34.9825
34.99025
34.998
35.005875
35.01375
35.021625
35.0295
35.037375
35.04525
35.053125
35.061
35.06985714
35.07871429
35.08757143
35.09642857
35.10528571
35.11414286
35.123
35.1335
35.144
35.1545
35.165
35.1755
35.186
35.19575
35.2055
35.21525
35.225
35.23475
35.2445
35.25425
35.264
35.27071429
35.27742857
35.28414286
35.29085714
35.29757143
35.30428571
35.311
35.318375
35.32575
35.333125
35.3405
35.347875
35.35525
35.362625
35.37
35.377875
35.38575
35.393625
35.4015
35.409375
35.41725
35.425125
35.433
35.44075
35.4485
35.45625
35.464
35.47175
35.4795
35.48725
35.495
35.504
35.513
35.522
35.531
35.54
35.549
35.558
35.56575
35.5735
35.58125
35.589
35.59675
35.6045
35.61225
35.62
35.627875
35.63575
35.643625
35.6515
35.659375
35.66725
35.675125
35.683
35.6956
35.7082
35.7208
35.7334
35.746
35.755625
35.76525
35.774875
35.7845
35.794125
35.80375
35.813375
35.823
35.829
35.835
35.841
35.847
35.853
35.859
35.865
35.871
35.87985714
35.88871429
35.89757143
35.90642857
35.91528571
35.92414286
35.933
36.02683333
36.12066667
36.2145
36.30833333
36.40216667
36.50485714
36.51371429
36.52257143
36.53142857
36.54028571
36.54914286
36.558
36.56685714
36.57571429
36.58457143
36.59342857
36.60228571
36.61114286
36.62
36.627875
36.63575
36.643625
36.6515
36.659375
36.66725
36.675125
36.683
36.69275
36.7025
36.71225
36.722
36.73175
36.7415
36.75125
36.761
36.76771429
36.77442857
36.78114286
36.78785714
36.79457143
36.80128571
36.808
36.81575
36.8235
36.83125
36.839
36.84675
36.8545
36.86225
36.87
36.877875
36.88575
36.893625
36.9015
36.909375
36.91725
36.925125
36.933
36.94185714
36.95071429
36.95957143
36.96842857
36.97728571
36.98614286
36.995
37.0055
37.016
37.0265
37.037
37.0475
37.058
37.06575
37.0735
37.08125
37.089
37.09675
37.1045
37.11225
37.12
37.127875
37.13575
37.143625
37.1515
37.159375
37.16725
37.175125
37.183
37.19185714
37.20071429
37.20957143
37.21842857
37.22728571
37.23614286
37.245
37.25475
37.2645
37.27425
37.284
37.29375
37.3035
37.31325
37.323
37.328875
37.33475
37.340625
37.3465
37.352375
37.35825
37.364125
37.37
37.379
37.388
37.397
37.406
37.415
37.424
37.433
37.44075
37.4485
37.45625
37.464
37.47175
37.4795
37.48725
37.495
37.52
37.545
37.57
37.595
37.62
37.6355
37.651
37.6665
37.682
37.689875
37.69775
37.705625
37.7135
37.721375
37.72925
37.737125
37.745
37.75275
37.7605
37.76825
37.776
37.78375
37.7915
37.79925
37.807
37.81814286
37.82928571
37.84042857
37.85157143
37.86271429
37.87385714
37.885
37.890875
37.89675
37.902625
37.9085
37.914375
37.92025
37.926125
37.932
37.941
37.95
37.959
37.968
37.977
37.986
37.995
38.002875
38.01075
38.018625
38.0265
38.034375
38.04225
38.050125
38.058
38.06575
38.0735
38.08125
38.089
38.09675
38.1045
38.11225
38.12
38.12885714
38.13771429
38.14657143
38.15542857
38.16428571
38.17314286
38.182
38.189875
38.19775
38.205625
38.2135
38.221375
38.22925
38.237125
38.245
38.25533333
38.26566667
38.276
38.28633333
38.29666667
38.307
38.316
38.325
38.334
38.343
38.352
38.361
38.37
38.448
38.46366667
38.47933333
38.495
38.50275
38.5105
38.51825
38.526
38.53375
38.5415
38.54925
38.557
38.5675
38.578
38.5885
38.599
38.6095
38.62
38.62885714
38.63771429
38.64657143
38.65542857
38.66428571
38.67314286
38.682
38.689875
38.69775
38.705625
38.7135
38.721375
38.72925
38.737125
38.745
38.77
38.795
38.82
38.845
38.87
38.88033333
38.89066667
38.901
38.91133333
38.92166667
38.932
38.9478
38.9636
38.9794
38.9952
39.011
39.016875
39.02275
39.028625
39.0345
39.040375
39.04625
39.052125
39.058
39.06685714
39.07571429
39.08457143
39.09342857
39.10228571
39.11114286
39.12
39.1265
39.133
39.1395
39.146
39.1525
39.159
39.1655
39.172
39.18233333
39.19266667
39.203
39.21333333
39.22366667
39.234
39.24514286
39.25628571
39.26742857
39.27857143
39.28971429
39.30085714
39.312
39.317875
39.32375
39.329625
39.3355
39.341375
39.34725
39.353125
39.359
39.36875
39.3785
39.38825
39.398
39.40775
39.4175
39.42725
39.437
39.44371429
39.45042857
39.45714286
39.46385714
39.47057143
39.47728571
39.484
39.49175
39.4995
39.50725
39.515
39.52275
39.5305
39.53825
39.546
39.553875
39.56175
39.569625
39.5775
39.585375
39.59325
39.601125
39.609
39.61785714
39.62671429
39.63557143
39.64442857
39.65328571
39.66214286
39.671
39.678875
39.68675
39.694625
39.7025
39.710375
39.71825
39.726125
39.734
39.74433333
39.75466667
39.765
39.77533333
39.78566667
39.796
39.821
39.846
39.871
39.896
39.921
39.934
39.947
39.96
39.973
39.986
39.999
40.00571429
40.01242857
40.01914286
40.02585714
40.03257143
40.03928571
40.046
40.053875
40.06175
40.069625
40.0775
40.085375
40.09325
40.101125
40.109
40.11785714
40.12671429
40.13557143
40.14442857
40.15328571
40.16214286
40.171
40.178875
40.18675
40.194625
40.2025
40.210375
40.21825
40.226125
40.234
40.24285714
40.25171429
40.26057143
40.26942857
40.27828571
40.28714286
40.296
40.302375
40.30875
40.315125
40.3215
40.327875
40.33425
40.340625
40.347
40.36
40.373
40.386
40.399
40.412
40.425
40.431
40.437
40.443
40.449
40.455
40.461
40.467
40.473
40.484
40.495
40.506
40.517
40.528
40.539
40.55
40.555875
40.56175
40.567625
40.5735
40.579375
40.58525
40.591125
40.597
40.6075
40.618
40.6285
40.639
40.6495
40.66
40.669
40.678
40.687
40.696
40.705
40.714
40.723
40.73075
40.7385
40.74625
40.754
40.76175
40.7695
40.77725
40.785
40.79275
40.8005
40.80825
40.816
40.82375
40.8315
40.83925
40.847
40.854875
40.86275
40.870625
40.8785
40.886375
40.89425
40.902125
40.91
40.91885714
40.92771429
40.93657143
40.94542857
40.95428571
40.96314286
40.972
40.979875
40.98775
40.995625
41.0035
41.011375
41.01925
41.027125
41.035
41.04475
41.0545
41.06425
41.074
41.08375
41.0935
41.10325
41.113
41.11971429
41.12642857
41.13314286
41.13985714
41.14657143
41.15328571
41.16
41.16775
41.1755
41.18325
41.191
41.19875
41.2065
41.21425
41.222
41.2325
41.243
41.2535
41.264
41.2745
41.285
41.29385714
41.30271429
41.31157143
41.32042857
41.32928571
41.33814286
41.347
41.354875
41.36275
41.370625
41.3785
41.386375
41.39425
41.402125
41.41
41.41775
41.4255
41.43325
41.441
41.44875
41.4565
41.46425
41.472
41.481
41.49
41.499
41.508
41.517
41.526
41.535
41.54275
41.5505
41.55825
41.566
41.57375
41.5815
41.58925
41.597
41.60675
41.6165
41.62625
41.636
41.64575
41.6555
41.66525
41.675
41.697
41.719
41.741
41.763
41.785
41.79533333
41.80566667
41.816
41.82633333
41.83666667
41.847
41.85733333
41.86766667
41.878
41.88833333
41.89866667
41.909
41.916875
41.92475
41.932625
41.9405
41.948375
41.95625
41.964125
41.972
41.98233333
41.99266667
42.003
42.01333333
42.02366667
42.034
42.041875
42.04975
42.057625
42.0655
42.073375
42.08125
42.089125
42.097
42.104875
42.11275
42.120625
42.1285
42.136375
42.14425
42.152125
42.16
42.17114286
42.18228571
42.19342857
42.20457143
42.21571429
42.22685714
42.2535
42.269
42.2845
42.3
42.307875
42.31575
42.323625
42.3315
42.339375
42.34725
42.355125
42.363
42.37333333
42.38366667
42.394
42.40433333
42.41466667
42.425
42.432875
42.44075
42.448625
42.4565
42.464375
42.47225
42.480125
42.488
42.5004
42.5128
42.5252
42.5376
42.55
42.55775
42.5655
42.57325
42.581
42.58875
42.5965
42.60425
42.612
42.619875
42.62775
42.635625
42.6435
42.651375
42.65925
42.667125
42.675
42.68614286
42.69728571
42.70842857
42.71957143
42.73071429
42.74185714
42.753
42.758875
42.76475
42.770625
42.7765
42.782375
42.78825
42.794125
42.8
42.80775
42.8155
42.82325
42.831
42.83875
42.8465
42.85425
42.862
42.8996
42.9372
42.9748
43.0124
43.05
43.07066667
43.09133333
43.112
43.1246
43.1372
43.1498
43.1624
43.175
43.20625
43.2375
43.26875
43.31033333
43.32066667
43.331
43.34133333
43.35166667
43.362
43.3725
43.383
43.3935
43.404
43.4145
43.425
43.43275
43.4405
43.44825
43.456
43.46375
43.4715
43.47925
43.487
43.512
43.537
43.562
43.587
43.612
43.621
43.63
43.639
43.648
43.657
43.666
43.675
43.688
43.701
43.714
43.727
43.74
43.753
43.76083333
43.76866667
43.7765
43.78433333
43.79216667
43.8
43.80975
43.8195
43.82925
43.839
43.84875
43.8585
43.86825
43.878
43.88471429
43.89142857
43.89814286
43.90485714
43.91157143
43.91828571
43.925
43.93385714
43.94271429
43.95157143
43.96042857
43.96928571
43.97814286
43.987
43.99475
44.0025
44.01025
44.018
44.02575
44.0335
44.04125
44.0614
44.0738
44.0862
44.0986
44.111
44.12
44.129
44.138
44.147
44.156
44.165
44.174
44.18514286
44.19628571
44.20742857
44.21857143
44.22971429
44.24085714
44.252
44.27016667
44.28833333
44.3065
44.32466667
44.34283333
44.361
44.424
44.43175
44.4395
44.44725
44.455
44.46275
44.4705
44.47825
44.486
44.507
44.528
44.549
44.611
44.618875
44.62675
44.634625
44.6425
44.650375
44.65825
44.666125
44.674
44.68433333
44.69466667
44.705
44.71533333
44.72566667
44.736
44.743875
44.75175
44.759625
44.7675
44.775375
44.78325
44.791125
44.799
44.88766667
44.91333333
44.939
44.94571429
44.95242857
44.95914286
44.96585714
44.97257143
44.97928571
44.986
45.043
45.1105
45.121
45.1315
45.142
45.1525
45.163
45.176
45.189
45.202
45.215
45.228
45.241
45.24771429
45.25442857
45.26114286
45.26785714
45.27457143
45.28128571
45.288
45.30883333
45.32966667
45.3505
45.37133333
45.39216667
45.413
45.43366667
45.45433333
45.475
45.482875
45.49075
45.498625
45.5065
45.514375
45.52225
45.530125
45.538
45.54685714
45.55571429
45.56457143
45.57342857
45.58228571
45.59114286
45.6
45.607875
45.61575
45.623625
45.6315
45.639375
45.64725
45.655125
45.663
45.671
45.679
45.687
45.695
45.703
45.711
45.719
45.727
45.73814286
45.74928571
45.76042857
45.77157143
45.78271429
45.79385714
45.805
45.810875
45.81675
45.822625
45.8285
45.834375
45.84025
45.846125
45.899
45.90785714
45.91671429
45.92557143
45.93442857
45.94328571
45.95214286
45.961
45.968875
45.97675
45.984625
45.9925
46.000375
46.00825
46.016125
46.024
46.03175
46.0395
46.04725
46.055
46.06275
46.0705
46.07825
46.086
46.149
46.18
46.211
46.22
46.229
46.238
46.247
46.256
46.265
46.274
46.28175
46.2895
46.29725
46.305
46.31275
46.3205
46.32825
46.336
46.34942857
46.36285714
46.37628571
46.38971429
46.40314286
46.41657143
46.43
46.433875
46.43775
46.441625
46.4455
46.449375
46.45325
46.457125
46.461
46.47133333
46.48166667
46.492
46.50233333
46.51266667
46.523
46.532
46.541
46.55
46.559
46.568
46.577
46.586
46.61725
46.6485
46.67975
46.72
46.729
46.738
46.747
46.756
46.765
46.774
46.783625
46.79325
46.802875
46.8125
46.822125
46.83175
46.841375
46.851
46.85785714
46.86471429
46.87157143
46.87842857
46.88528571
46.89214286
46.899
46.91966667
46.94033333
46.961
46.96875
46.9765
46.98425
46.992
46.99975
47.0075
47.01525
47.023
47.05425
47.0855
47.11675
47.148
47.1675
47.187
47.2065
47.226
47.23271429
47.23942857
47.24614286
47.25285714
47.25957143
47.26628571
47.273
47.351
47.398
47.40575
47.4135
47.42125
47.429
47.43675
47.4445
47.45225
47.46
47.56433333
47.66866667
47.773
47.7854
47.7978
47.8102
47.8226
47.835
47.844
47.853
47.862
47.871
47.88
47.889
47.898
47.90833333
47.91866667
47.929
47.93933333
47.94966667
47.96
47.96975
47.9795
47.98925
47.999
48.00875
48.0185
48.02825
48.038
48.043875
48.04975
48.055625
48.0615
48.067375
48.07325
48.079125
48.085
48.106
48.127
48.148
48.157
48.166
48.175
48.184
48.193
48.202
48.211
48.5096
48.8082
49.1068
49.4054
49.704
49.713
49.722
49.731
49.74
49.749
49.758
49.767
49.8776
49.9882
50.0988
50.2094
50.33033333
50.34066667
50.351
50.36133333
50.37166667
50.382
50.528
50.674
50.82
50.966
51.112
51.258
51.2685
51.279
51.2895
51.3
51.3105
51.321
51.328875
51.33675
51.344625
51.3525
51.360375
51.36825
51.376125
51.384
51.39175
51.3995
51.40725
51.415
51.42275
51.4305
51.43825
51.446
52.13333333
52.82066667
53.508
53.571
53.58214286
53.59328571
53.60442857
53.61557143
53.62671429
53.63785714