0
0.008857142857
0.01771428571
0.02657142857
0.03542857143
0.04428571429
0.05314285714
0.062
0.069875
0.07775
0.085625
0.0935
0.101375
0.10925
0.117125
0.125
0.13275
0.1405
0.14825
0.156
0.16375
0.1715
0.17925
0.187
0.196
0.205
0.214
0.223
0.232
0.241
0.25
0.271
0.292
0.39
0.396
0.402
0.408
0.414
0.42
0.426
0.432
0.438
0.4535
0.469
0.4845
0.5
0.507875
0.51575
0.523625
0.5315
0.539375
0.54725
0.555125
0.563
0.57075
0.5785
0.58625
0.594
0.60175
0.6095
0.61725
0.625
0.6338571429
0.6427142857
0.6515714286
0.6604285714
0.6692857143
0.6781428571
0.687
0.696
0.705
0.714
0.723
0.732
0.741
0.75
0.7767142857
0.8034285714
0.8301428571
0.8568571429
0.8835714286
0.9102857143
0.937
0.94475
0.9525
0.96025
0.968
0.97575
0.9835
0.99125
0.999
1.03025
1.0615
1.09275
1.124
1.145
1.166
1.187
1.19475
1.2025
1.21025
1.218
1.22575
1.2335
1.24125
1.249
1.342666667
1.358333333
1.374
1.38175
1.3895
1.39725
1.405
1.41275
1.4205
1.42825
1.436
1.4465
1.457
1.4675
1.478
1.4885
1.499
1.585
1.671
1.757
1.843
1.929
2.015
2.101
2.187
2.195857143
2.204714286
2.213571429
2.222428571
2.231285714
2.240142857
2.249
2.25675
2.2645
2.27225
2.28
2.28775
2.2955
2.30325
2.311
2.3236
2.3362
2.3488
2.3614
2.374
2.499
2.624
2.749
2.874
2.999
3.0145
3.03
3.0455
3.061
3.07
3.079
3.088
3.097
3.106
3.115
3.124
3.249
3.25675
3.2645
3.27225
3.28
3.28775
3.2955
3.30325
3.311
3.322142857
3.333285714
3.344428571
3.355571429
3.366714286
3.377857143
3.389
3.394875
3.40075
3.406625
3.4125
3.418375
3.42425
3.430125
3.436
4.38175
4.3895
4.39725
4.405
4.41275
4.4205
4.42825
4.436
4.5836
4.7312
4.8788
5.0264
5.1895
5.205
5.2205
5.236
5.24575
5.2555
5.26525
5.275
5.28475
5.2945
5.30425
5.314
5.321833333
5.329666667
5.3375
5.345333333
5.353166667
5.361
5.36875
5.3765
5.38425
5.392
5.39975
5.4075
5.41525
5.423
5.432
5.441
5.45
5.459
5.468
5.477
5.486
5.511
5.536
5.561
5.586
5.619857143
5.628714286
5.637571429
5.646428571
5.655285714
5.664142857
5.673
5.6835
5.694
5.7045
5.715
5.7255
5.736
5.744857143
5.753714286
5.762571429
5.771428571
5.780285714
5.789142857
5.798
5.8228
5.8476
5.8724
5.8972
5.932333333
5.942666667
5.953
5.963333333
5.973666667
5.984
6.004833333
6.025666667
6.0465
6.067333333
6.088166667
6.12475
6.1405
6.15625
6.172
6.180857143
6.189714286
6.198571429
6.207428571
6.216285714
6.225142857
6.234
6.247
6.26
6.273
6.286
6.299
6.312
6.325625
6.33925
6.352875
6.3665
6.380125
6.39375
6.407375
6.43675
6.4525
6.46825
6.484
6.492857143
6.501714286
6.510571429
6.519428571
6.528285714
6.537142857
6.546
6.8585
7.171
7.1815
7.192
7.2025
7.213
7.2235
7.234