0
0.0124
0.0248
0.0372
0.0496
0.05648888889
0.06337777778
0.07026666667
0.07715555556
0.08404444444
0.09093333333
0.09782222222
0.1047111111
0.1116
0.119475
0.12735
0.135225
0.1431
0.150975
0.15885
0.166725
0.1746
0.2474333333
0.3202666667
0.3931
0.4659333333
0.5387666667
0.6116
0.62735
0.6431
0.65885
0.6746
0.6814888889
0.6883777778
0.6952666667
0.7021555556
0.7090444444
0.7159333333
0.7228222222
0.7297111111
0.7366
0.9246
0.9452666667
0.9659333333
0.9866
0.9958222222
1.005044444
1.014266667
1.023488889
1.032711111
1.041933333
1.051155556
1.060377778
1.0696
1.2416
1.4756
1.48535
1.4951
1.50485
1.5146
1.52435
1.5341
1.54385
1.5536
1.6006
1.6476
1.6946
1.7416
1.798933333
1.809266667
1.8196
1.829933333
1.840266667
1.8506
1.866225
1.88185
1.897475
1.9131
1.928725
1.94435
1.959975
1.9756
1.984457143
1.993314286
2.002171429
2.011028571
2.019885714
2.028742857
2.0376
2.073314286
2.109028571
2.144742857
2.180457143
2.216171429
2.251885714
2.2876
2.3191
2.33485
2.3506
2.357488889
2.364377778
2.371266667
2.378155556
2.385044444
2.391933333
2.398822222
2.405711111
2.4126
2.4441
2.496266667
2.516933333
2.5376
2.545475
2.55335
2.561225
2.5691
2.576975
2.58485
2.592725
2.6006
2.662933333
2.725266667
2.7876
2.8506
2.857488889
2.864377778
2.871266667
2.878155556
2.885044444
2.891933333
2.898822222
2.905711111
2.9126
3.0216
3.1306
3.2396
3.3486
3.357457143
3.366314286
3.375171429
3.384028571
3.392885714
3.401742857
3.4106
3.446314286
3.482028571
3.517742857
3.553457143
3.589171429
3.624885714
3.6606
3.669457143
3.678314286
3.687171429
3.696028571
3.704885714
3.713742857
3.7226
3.7406
3.7586
3.7766
3.7946
3.8126
3.8306
3.8486
3.8796
3.9106
3.9416
3.945155556
3.948711111
3.952266667
3.955822222
3.959377778
3.962933333
3.966488889
3.970044444
3.9736
4.0671
4.1761
4.1916
4.2071
4.2226
4.2296
4.2366
4.2436
4.2506
4.2576
4.2646
4.2716
4.2786
4.2856
4.6606
4.701933333
4.7226
4.733044444
4.743488889
4.753933333
4.764377778
4.774822222
4.785266667
4.795711111
4.806155556
4.8166
4.847933333