0
0.008666666667
0.01733333333
0.026
0.03466666667
0.04333333333
0.052
0.05722222222
0.06244444444
0.06766666667
0.07288888889
0.07811111111
0.08333333333
0.08855555556
0.09377777778
0.099
0.10675
0.1145
0.12225
0.13
0.13775
0.1455
0.15325
0.161
0.349
0.3614
0.3738
0.3862
0.3986
0.411
0.42075
0.4305
0.44025
0.45
0.45975
0.4695
0.47925
0.489
0.4942222222
0.4994444444
0.5046666667
0.5098888889
0.5151111111
0.5203333333
0.5255555556
0.5307777778
0.536
0.5428888889
0.5497777778
0.5566666667
0.5635555556
0.5704444444
0.5773333333
0.5842222222
0.5911111111
0.598
0.607
0.616
0.625
0.634
0.643
0.652
0.661
0.686
0.711
0.736
0.761
0.786
0.793
0.8
0.807
0.814
0.821
0.828
0.835
0.842
0.849
0.8622857143
0.8755714286
0.8888571429
0.9021428571
0.9154285714
0.9287142857
0.942
0.9454444444
0.9488888889
0.9523333333
0.9557777778
0.9592222222
0.9626666667
0.9661111111
0.9695555556
0.973
1.035666667
1.098333333
1.161
1.1734
1.1858
1.1982
1.2106
1.223
1.2335
1.244
1.2545
1.265
1.2755
1.286
1.293
1.3
1.307
1.314
1.321
1.328
1.335
1.342
1.349
1.357555556
1.366111111
1.374666667
1.383222222
1.391777778
1.400333333
1.408888889
1.417444444
1.426
1.432
1.438
1.444
1.45
1.456
1.462
1.468
1.474
1.634714286
1.795428571
1.956142857
2.116857143
2.277571429
2.438285714
2.599
2.649
2.660166667
2.671333333
2.6825
2.693666667
2.704833333
2.716
2.716
2.716
2.724
2.732
2.74
2.748
2.756
2.764
2.77175
2.7795
2.78725
2.795
2.80275
2.8105
2.81825
2.826
2.833
2.84
2.847
2.854
2.861
2.868
2.875
2.882
2.889
2.897857143
2.906714286
2.915571429
2.924428571
2.933285714
2.942142857
2.951
2.95875
2.9665
2.97425
2.982
2.98975
2.9975
3.00525
3.013
3.02
3.027
3.034
3.041
3.048
3.055
3.062
3.069
3.076
3.08575
3.0955
3.10525
3.115
3.12475
3.1345
3.14425
3.154
3.159222222
3.164444444
3.169666667
3.174888889
3.180111111
3.185333333
3.190555556
3.195777778
3.201
3.211333333
3.221666667
3.232
3.242333333
3.252666667
3.263
3.273333333
3.283666667
3.294
3.297555556
3.301111111
3.304666667
3.308222222
3.311777778
3.315333333
3.318888889
3.322444444
3.326
3.33375
3.3415
3.34925
3.357
3.36475
3.3725
3.38025
3.388
3.395
3.402
3.409
3.416
3.423
3.43
3.437
3.444
3.451
3.457888889
3.464777778
3.471666667
3.478555556
3.485444444
3.492333333
3.499222222
3.506111111
3.513
3.524142857
3.535285714
3.546428571
3.557571429
3.568714286
3.579857143
3.591
3.597125
3.60325
3.609375
3.6155
3.621625
3.62775
3.633875
3.64
3.650333333
3.660666667
3.671
3.681333333
3.691666667
3.702
3.712333333
3.722666667
3.733
3.736555556
3.740111111
3.743666667
3.747222222
3.750777778
3.754333333
3.757888889
3.761444444
3.765
3.771888889
3.778777778
3.785666667
3.792555556
3.799444444
3.806333333
3.813222222
3.820111111
3.827
3.834
3.841
3.848
3.855
3.862
3.869
3.876
3.883
3.89
3.931666667
3.973333333
4.015
4.021888889
4.028777778
4.035666667
4.042555556
4.049444444
4.056333333
4.063222222
4.070111111
4.077
4.087444444
4.097888889
4.108333333
4.118777778
4.129222222
4.139666667
4.150111111
4.160555556
4.171
4.174444444
4.177888889
4.181333333
4.184777778
4.188222222
4.191666667
4.195111111
4.198555556
4.202
4.2645
4.336
4.345
4.354
4.363
4.372
4.381
4.39
4.398666667
4.407333333
4.416
4.424666667
4.433333333
4.442
4.450666667
4.459333333
4.468
4.473222222
4.478444444
4.483666667
4.488888889
4.494111111
4.499333333
4.504555556
4.509777778
4.515
4.521555556
4.528111111