0
0.03925
0.0785
0.11775
0.157
0.16875
0.1805
0.19225
0.204
0.21575
0.2275
0.23925
0.251
0.36825
0.4855
0.60275
0.782
0.79375
0.8055
0.81725
0.829
0.84075
0.8525
0.86425
0.876
1.657
2.438
3.219
3.226875
3.23475
3.242625
3.2505
3.258375
3.26625
3.274125
3.282
3.39125
3.5005
3.60975
3.719
3.728
3.737
3.746
3.755
3.764
3.773
3.782
3.792333333
3.802666667
3.813
3.823333333
3.833666667
3.844
3.852
3.86
3.868
3.876
3.884
3.892
3.9
3.908
4.189
4.47
4.751
5.053
5.074
5.095
5.103857143
5.112714286
5.121571429
5.130428571
5.139285714
5.148142857
5.157
5.1675
5.178
5.1885
5.199
5.2095
5.22
5.22975
5.2395
5.24925
5.259
5.26875
5.2785
5.28825
5.298
5.304714286
5.311428571
5.318142857
5.324857143
5.331571429
5.338285714
5.345
5.605666667
5.866333333
6.127
6.387666667
6.648333333
6.94
6.971
6.98075
6.9905
7.00025
7.01
7.01975
7.0295
7.03925
7.049
7.055714286
7.062428571
7.069142857
7.075857143
7.082571429
7.089285714
7.096
7.228875
7.36175
7.494625
7.6275
7.760375
7.89325
8.026125
8.159
8.179666667
8.200333333
8.221
8.23275
8.2445
8.25625
8.268
8.27975
8.2915
8.30325
8.315
8.318875
8.32275
8.326625
8.3305
8.334375
8.33825
8.342125
8.346
8.354857143
8.363714286
8.372571429
8.381428571
8.390285714
8.399142857
8.408
8.4185
8.429
8.4395
8.45
8.4605
8.471
8.47875
8.4865
8.49425
8.502
8.50975
8.5175
8.52525
8.533
8.54275
8.5525
8.56225
8.572
8.58175
8.5915
8.60125
8.611
8.617857143
8.624714286
8.631571429
8.638428571
8.645285714
8.652142857
8.659
8.670625
8.68225
8.693875
8.7055
8.717125
8.72875
8.740375
8.752
8.755875
8.75975
8.763625
8.7675
8.771375
8.77525
8.779125
8.783
8.792
8.801
8.81
8.819
8.828
8.837
8.846
8.85375
8.8615
8.86925
8.877
8.88475
8.8925
8.90025
8.908
8.973
9.051
9.056875
9.06275
9.068625
9.0745
9.080375
9.08625
9.092125
9.098
9.139666667
9.181333333
9.2354
9.2478
9.2602
9.2726
9.285
9.294
9.303
9.312
9.321
9.33
9.339
9.348
9.35575
9.3635
9.37125
9.379
9.38675
9.3945
9.40225
9.41
9.417875
9.42575
9.433625
9.4415
9.449375
9.45725
9.465125
9.473
9.481857143
9.490714286
9.499571429
9.508428571
9.517285714
9.526142857
9.535
9.54475
9.5545
9.56425
9.574
9.58375
9.5935
9.60325
9.613
9.618875
9.62475
9.630625
9.6365
9.642375
9.64825
9.654125
9.66
9.668857143
9.677714286
9.686571429
9.695428571
9.704285714
9.713142857
9.722
9.729875
9.73775
9.745625
9.7535
9.761375
9.76925
9.777125
9.785
9.795333333
9.805666667
9.816
9.826333333
9.836666667
9.847
9.856
9.865
9.874
9.883
9.892
9.901
9.91
9.91775
9.9255
9.93325
9.941
9.94875
9.9565
9.96425
9.972
9.983285714
9.994571429
10.00585714
10.01714286
10.02842857
10.03971429
10.051
10.056875
10.06275
10.068625
10.0745
10.080375
10.08625
10.092125
10.098
10.109625
10.12125
10.132875
10.1445
10.156125
10.16775
10.179375
10.191
10.19542857
10.19985714
10.20428571
10.20871429
10.21314286
10.21757143
10.222
10.229875
10.23775
10.245625
10.2535
10.261375
10.26925
10.277125
10.285
10.29275
10.3005
10.30825
10.316
10.32375
10.3315
10.33925
10.347
10.356
10.365
10.374
10.383
10.392
10.401
10.41
10.4205
10.431
10.4415
10.452
10.4625
10.473
10.48075
10.4885
10.49625
10.504
10.51175
10.5195
10.52725
10.535
10.54275
10.5505
10.55825
10.566
10.57375
10.5815
10.58925
10.597
10.606