0
0.025
0.05
0.06033333333
0.07066666667
0.081
0.09133333333
0.1016666667
0.112
0.1278
0.1436
0.1594
0.1752
0.191
0.196875
0.20275
0.208625
0.2145
0.220375
0.22625
0.232125
0.238
0.2468571429
0.2557142857
0.2645714286
0.2734285714
0.2822857143
0.2911428571
0.3
0.3065
0.313
0.3195
0.326
0.3325
0.339
0.3455
0.352
0.3623333333
0.3726666667
0.383
0.3933333333
0.4036666667
0.414
0.4251428571
0.4362857143
0.4474285714
0.4585714286
0.4697142857
0.4808571429
0.492
0.497875
0.50375
0.509625
0.5155
0.521375
0.52725
0.533125
0.539
0.54875
0.5585
0.56825
0.578
0.58775
0.5975
0.60725
0.617
0.6237142857
0.6304285714
0.6371428571
0.6438571429
0.6505714286
0.6572857143
0.664
0.67175
0.6795
0.68725
0.695
0.70275
0.7105
0.71825
0.726
0.733875
0.74175
0.749625
0.7575
0.765375
0.77325
0.781125
0.789
0.7978571429
0.8067142857
0.8155714286
0.8244285714
0.8332857143
0.8421428571
0.851
0.858875
0.86675
0.874625
0.8825
0.890375
0.89825
0.906125
0.914
0.9243333333
0.9346666667
0.945
0.9553333333
0.9656666667
0.976
1.001
1.026
1.051
1.076
1.101
1.114
1.127
1.14
1.153
1.166
1.179
1.185714286
1.192428571
1.199142857
1.205857143
1.212571429
1.219285714
1.226
1.233875
1.24175
1.249625
1.2575
1.265375
1.27325
1.281125
1.289
1.297857143
1.306714286
1.315571429
1.324428571
1.333285714
1.342142857
1.351
1.358875
1.36675
1.374625
1.3825
1.390375
1.39825
1.406125
1.414
1.422857143
1.431714286
1.440571429
1.449428571
1.458285714
1.467142857
1.476
1.482375
1.48875
1.495125
1.5015
1.507875
1.51425
1.520625
1.527
1.54
1.553
1.566
1.579
1.592
1.605
1.611
1.617
1.623
1.629
1.635
1.641
1.647
1.653
1.664
1.675
1.686
1.697
1.708
1.719
1.73
1.735875
1.74175
1.747625
1.7535
1.759375
1.76525
1.771125
1.777
1.7875
1.798
1.8085
1.819
1.8295
1.84
1.849
1.858
1.867
1.876
1.885
1.894
1.903
1.91075
1.9185
1.92625
1.934
1.94175
1.9495
1.95725
1.965
1.97275
1.9805
1.98825
1.996
2.00375
2.0115
2.01925
2.027
2.034875
2.04275
2.050625
2.0585
2.066375
2.07425
2.082125
2.09
2.098857143
2.107714286
2.116571429
2.125428571
2.134285714
2.143142857
2.152
2.159875
2.16775
2.175625
2.1835
2.191375
2.19925
2.207125
2.215
2.22475
2.2345
2.24425
2.254
2.26375
2.2735
2.28325
2.293
2.299714286
2.306428571
2.313142857
2.319857143
2.326571429
2.333285714
2.34
2.34775
2.3555
2.36325
2.371
2.37875
2.3865
2.39425
2.402
2.4125
2.423
2.4335
2.444
2.4545
2.465
2.473857143
2.482714286
2.491571429
2.500428571
2.509285714
2.518142857
2.527
2.534875
2.54275
2.550625
2.5585
2.566375
2.57425
2.582125
2.59
2.59775
2.6055
2.61325
2.621
2.62875
2.6365
2.64425
2.652
2.661
2.67
2.679
2.688
2.697
2.706
2.715
2.72275
2.7305
2.73825
2.746
2.75375
2.7615
2.76925
2.777
2.78675
2.7965
2.80625
2.816
2.82575
2.8355
2.84525
2.855
2.877
2.899
2.921
2.943
2.965
2.975333333
2.985666667
2.996
3.006333333
3.016666667
3.027
3.037333333
3.047666667
3.058
3.068333333
3.078666667
3.089
3.096875
3.10475
3.112625
3.1205
3.128375
3.13625
3.144125
3.152
3.162333333
3.172666667
3.183
3.193333333
3.203666667
3.214
3.221875
3.22975
3.237625
3.2455
3.253375
3.26125
3.269125
3.277
3.284875
3.29275
3.300625
3.3085
3.316375
3.32425
3.332125
3.34
3.351142857
3.362285714
3.373428571
3.384571429
3.395714286
3.406857143
3.4335
3.449
3.4645
3.48
3.487875
3.49575
3.503625
3.5115
3.519375
3.52725
3.535125
3.543
3.553333333
3.563666667
3.574
3.584333333
3.594666667
3.605
3.612875
3.62075
3.628625
3.6365
3.644375
3.65225
3.660125
3.668
3.6804
3.6928
3.7052
3.7176
3.73
3.73775
3.7455
3.75325
3.761
3.76875
3.7765
3.78425
3.792
3.799875
3.80775
3.815625
3.8235
3.831375
3.83925
3.847125
3.855
3.866142857
3.877285714
3.888428571
3.899571429
3.910714286
3.921857143
3.933
3.938875
3.94475
3.950625
3.9565
3.962375
3.96825
3.974125
3.98
3.98775
3.9955
4.00325
4.011
4.01875
4.0265
4.03425
4.042
4.0796
4.1172
4.1548