0
0.007875
0.01575
0.023625
0.031375
0.039125
0.046875
0.054625
0.062375
0.070125
0.077875
0.085625
0.094625
0.103625
0.112625
0.121625
0.130625
0.139625
0.148625
0.158375
0.168125
0.177875
0.187625
0.197375
0.207125
0.216875
0.226625
0.2325
0.238375
0.24425
0.250125
0.256
0.261875
0.26775
0.273625
0.2847678571
0.2959107143
0.3070535714
0.3181964286
0.3293392857
0.3404821429
0.351625
0.4192916667
0.4399583333
0.460625
0.469625
0.478625
0.487625
0.496625
0.505625
0.514625
0.523625
0.5324821429
0.5413392857
0.5501964286
0.5590535714
0.5679107143
0.5767678571
0.585625
0.5935
0.601375
0.60925
0.617125
0.625
0.632875
0.64075
0.648625
0.6574821429
0.6663392857
0.6751964286
0.6840535714
0.6929107143
0.7017678571
0.710625
0.7217678571
0.7329107143
0.7440535714
0.7551964286
0.7663392857
0.7774821429
0.788625
0.7945
0.800375
0.80625
0.812125
0.818
0.823875
0.82975
0.835625
0.847375
0.859125
0.870875
0.882625
0.894375
0.906125
0.917875
0.929625
0.9340535714
0.9384821429
0.9429107143
0.9473392857
0.9517678571
0.9561964286
0.960625
0.968375
0.976125
0.983875
0.991625
0.999375
1.007125
1.014875
1.022625
1.033125
1.043625
1.054125
1.064625
1.075125
1.085625
1.092910714
1.100196429
1.107482143
1.114767857
1.122053571
1.129339286
1.136625
1.146625
1.156625
1.166625
1.176625
1.186625
1.196625
1.204375
1.212125
1.219875
1.227625
1.235375
1.243125
1.250875
1.258625
1.268375
1.278125
1.287875
1.297625
1.307375
1.317125
1.326875
1.336625
1.343339286
1.350053571
1.356767857
1.363482143
1.370196429
1.376910714
1.383625
1.391375
1.399125
1.406875
1.414625
1.422375
1.430125
1.437875
1.445625
1.4535
1.461375
1.46925
1.477125
1.485
1.492875
1.50075
1.508625
1.517482143
1.526339286
1.535196429
1.544053571
1.552910714
1.561767857
1.570625
1.5785
1.586375
1.59425
1.602125
1.61
1.617875
1.62575
1.633625
1.641375
1.649125
1.656875
1.664625
1.672375
1.680125
1.687875
1.695625
1.706125
1.716625
1.727125
1.737625
1.748125
1.758625
1.767625
1.776625
1.785625
1.794625
1.803625
1.812625
1.821625
1.83325
1.844875
1.8565
1.868125
1.87975
1.891375
1.903
1.914625
1.9185
1.922375
1.92625
1.930125
1.934
1.937875
1.94175
1.945625
1.954625
1.963625
1.972625
1.981625
1.990625
1.999625
2.008625
2.0165
2.024375
2.03225
2.040125
2.048
2.055875
2.06375
2.071625
2.079375
2.087125
2.094875
2.102625
2.110375
2.118125
2.125875
2.133625
2.142625
2.151625
2.160625
2.169625
2.178625
2.187625
2.196625
2.204375
2.212125
2.219875
2.227625
2.235375
2.243125
2.250875
2.258625
2.2665
2.274375
2.28225
2.290125
2.298
2.305875
2.31375
2.321625
2.330482143
2.339339286
2.348196429
2.357053571
2.365910714
2.374767857
2.383625
2.396625
2.409625
2.422625
2.435625
2.448625
2.461625
2.4675
2.473375
2.47925
2.485125
2.491
2.496875
2.50275
2.508625
2.529625
2.550625
2.5795
2.587375
2.59525
2.603125
2.611
2.618875
2.62675
2.634625
2.643482143
2.652339286
2.661196429
2.670053571
2.678910714
2.687767857
2.696625
2.704375
2.712125
2.719875
2.727625
2.735375
2.743125
2.750875
2.758625
2.767625
2.776625
2.785625
2.794625
2.803625
2.812625
2.821625
2.829375
2.837125
2.844875
2.852625
2.860375
2.868125
2.875875
2.883625
2.894910714
2.906196429
2.917482143
2.928767857
2.940053571
2.951339286
2.962625
2.970458333
2.978291667
2.986125
2.993958333
3.001791667
3.009625
3.017375
3.025125
3.032875
3.040625
3.048375
3.056125
3.063875
3.071625
3.079375
3.087125
3.094875
3.102625
3.110375
3.118125
3.125875
3.133625
3.142625
3.151625
3.160625
3.169625
3.178625
3.187625
3.196625
3.204375
3.212125
3.219875
3.227625
3.235375
3.243125
3.250875
3.258625
3.2665
3.274375
3.28225
3.290125
3.298
3.305875
3.31375
3.321625
3.330482143
3.339339286
3.348196429
3.357053571
3.365910714
3.374767857
3.383625
3.3915
3.399375
3.40725
3.415125
3.423
3.430875
3.43875
3.446625
3.456375
3.466125
3.475875
3.485625
3.495375
3.505125
3.514875
3.524625
3.531339286
3.538053571
3.544767857
3.551482143
3.558196429
3.564910714
3.571625
3.581958333
3.592291667
3.602625
3.612958333
3.623291667
3.633625
3.6415
3.649375
3.65725
3.665125
3.673
3.680875
3.68875
3.696625
3.704375
3.712125
3.719875
3.727625
3.735375
3.743125
3.750875
3.758625
3.767625
3.776625
3.785625
3.794625
3.803625
3.812625
3.821625
3.829375
3.837125
3.844875
3.852625
3.860375
3.868125
3.875875
3.883625
3.8915
3.899375
3.90725
3.915125
3.923
3.930875
3.93875
3.946625
3.955482143
3.964339286
3.973196429
3.982053571
3.990910714
3.999767857
4.008625
4.018375
4.028125
4.037875
4.047625
4.057375
4.067125
4.076875
4.086625
4.0925
4.098375
4.10425
4.110125
4.116
4.121875
4.12775
4.133625
4.142625
4.151625
4.160625
4.169625
4.178625
4.187625
4.196625
4.206958333
4.217291667
4.227625
4.237958333
4.248291667
4.258625
4.2665
4.274375
4.28225
4.290125
4.298
4.305875
4.31375
4.321625
4.329375
4.337125
4.344875
4.352625