314.24
314.36
314.36
315.23
315.23
315.23
315.23
315.55
315.55
315.55
315.55
315.35
315.35
315.12
315.12
315.12
315.12
315.12
315.12
315.12
315.12
315.12
315.12
315.12
315.12
312.76
312.76
312.76
312.99
312.99
312.99
312.99
312.86
312.86
312.86
312.86
316.32
316.32
316.32
316.32
316.32
316.32
314.17
314.17
314.17
314.17
313.57
313.57
309.1
308.32
308.32
308.32
308.32
308.18
308.18
308.18
308.18
308.18
308.18
308.18
313.61
313.61
313.61
309.89
309.18
309.18
309.18
316.22
316.22
316.22
316.22
314.99
314.2
310.2
309.81
309.81
309.81
309.81
309.81
309.81
309.81
309.81
309.81
309.81
309.81
311.28
311.28
311.28
311.28
311.28
311.28
311.28
311.28
311.28
311.28
311.28
311.28
311.18
324.4
324.4
324.4
324.4
319.54
319.54
319.54
319.54
319.62
319.62
319.62
320.18
320.18
320.18
320.18
320.18
320.18
320.18
320.18
320.18
320.18
320.18
320.18
328.67
328.67
323.49
323.49
323.49
323.49
318.18
318.18
318.18
318.18
318.29
318.29
318.95
317.95
317.95
317.92
317.92
317.92
317.92
318.51
318.51
318.51
318.51
318.12
318.61
318.61
318.61
318.61
318.61
318.61
318.61
318.61
318.61
318.61
318.61
318.61
317.88
317.88
317.88
317.88
317.34
317.34
317.34
317.34
317.1
317.1
317.1
317.1
316.17
316.17
316.17
316.17
316.17
316.17
316.17
316.17
316.17
316.17
315.26
315.74
315.74
315.74
316.18
316.09
316.09
316.09
316.46
316.46
316.46
316.46
316.9
316.9
318.82
318.82
318.82
318.82
319.8
319.8
319.8
319.8
320.1
320.1
320.1
321.73
321.73
321.73
321.73
321.73
321.73
321.73
321.73
321.73
321.73
321.73
321.73
321.73
321.73
321.73
323.06
323.06
323.06
323.06
322.78
322.78
322.78
322.78
322.63
321.05
321.05
320.61
320.61
320.61
320.61
319.74
319.74
319.74
319.74
318.45
318.45
316.66
316.66
316.66
316.66
316.66
316.66
316.66
316.66
313.71
314.15
314.15
314.15
313.44
313.44
313.44
313.44
313.77
313.77
313.77
313.77
313.52
313.52
313.52
313.52
321.78
321.78
323.57
323.57
323.57
323.57
317.32
317.32
317.32
317.32
318.26
319.57
319.57
319.57
319.57
319.57
319.57
319.57
319.57
319.57
319.57
319.57
319.57
319.93
319.93
319.93
319.93
319.18
319.18
319.18
319.18
323.27
323.27
323.27
323.27
317.26
317.26
317.26
317.26