314.21
314.21
314.21
314.21
314.21
314.21
314.21
314.21
314.21
314.21
314.21
314.21
314.21
314.21
314.21
314.21
314.21
314.21
314.21
314.21
314.21
314.21
314.21
314.21
314.21
314.21
314.21
314.21
314.21
314.21
314.21
314.21
314.44
314.44
314.44
314.44
314.68
314.68
314.68
314.68
315.06
315.06
315.06
315.06
315.81
315.81
315.81
315.81
316.41
316.41
316.41
316.41
317.02
317.02
317.02
317.02
317.37
317.37
317.37
317.37
317.46
317.46
317.46
317.46
317.66
317.66
317.66
317.66
317.5
317.5
317.5
317.5
317.54
317.54
317.54
317.54
317.54
317.54
317.54
317.54
317.54
317.54
317.54
317.54
317.54
317.54
317.54
316.82
317.56
317.56
317.56
317.8
317.88
317.88
317.88
318.76
318.76
318.76
318.76
321.29
321.29
321.29
321.29
319.55
319.55
319.55
319.55
320.42
320.42
320.42
320.42
321.22
321.22
321.22
321.22
321.53
321.53
321.53
321.53
322.36
322.36
322.36
322.36
322.39
322.39
322.39
322.39
322.56
322.56
322.56
322.56
322.92
322.92
322.92
322.92
322.92
322.92
322.92
322.92
322.92
322.92
322.92
322.92
322.92
322.92
322.92
322.92
322.92
322.92
322.92
322.92
322.92
322.92
322.92
322.92
319.93
319.93
319.93
319.93
318.86
318.86
318.86
318.86
317.79
317.79
317.79
317.79
316.67
316.67
316.67
316.67
323.43
323.43
323.43
323.43
315.09
315.09
315.09
315.09
319.56
319.56
319.56
319.56
319.11
319.11
319.11
319.11
313.7
313.7
313.7
313.7
313.69
313.69
313.69
313.69
313.89
313.89
313.89
313.89
313.89
313.89
313.89
313.89
313.89
313.89
313.89
313.89
313.89
313.89
313.89
316.59
316.4
316.4
316.4
317.8
317.71
317.71
317.71
318.48
318.48
318.48
318.48
319.61
319.61
319.61
319.61
320.43
320.43
320.43
320.43
327.15
327.15
327.15
327.15
322.15
322.15
322.15
322.15
327.62
327.62
327.62
327.62
321.65
321.65
321.65
321.65
320.97
320.97
320.97
320.97
320.53
320.53
320.53
320.53
319.74
319.74
319.74
319.74
319.74
319.74
319.74
319.74
319.74
319.74
319.74
319.74
319.74
319.74
319.74
319.74
319.74
319.74
319.74
319.74
319.74
319.74
319.74
319.74
317.66
317.66
317.66
317.66
317.41
317.41
317.41
317.41
317.41
317.41
317.41
317.41
319.84
319.84
319.84
319.84
317.46
317.46
317.46
317.46
317.52
317.52
317.52
317.52
317.58
317.58
317.58
317.58
316.97
316.97
316.97
316.97
316.25
316.25
316.25
316.25
316.3
316.3
316.3
316.3
315.78
315.78
315.78
315.78
315.78
315.78
315.78
315.78
315.78
315.78
315.78
315.78
315.78
315.78
315.78
315.78
315.78
315.78
315.78
313.52
313.86
313.86
313.86
313.37
313.71
313.71
313.71
314.17
314.17
314.17
314.17
314.63
314.63
314.63
314.63
315.42
315.42
315.42
315.42
316.34
316.34
316.34
316.34
317.39
317.39
317.39
317.39
318.61
318.61
318.61
318.61
319.77
319.77
319.77
319.77
320.93
320.93
320.93
320.93
321.79
321.79
321.79
321.79
322.49
322.49
322.49
322.49
322.49
322.49
322.49
322.49
322.49
322.49
322.49
322.49
322.49
322.49
322.49
322.49
322.49
322.49
322.49
322.49
322.49
322.49
322.49
322.49
323.14
323.14
323.14
323.14
322.24
322.24
322.24
322.24
320.89
320.89
320.89
320.89
319.65
319.65
319.65
319.65
324.78
324.78
324.78
324.78
323.25
323.25
323.25
323.25
315.38
315.38
315.38
315.38
314.28
314.28
314.28
314.28
312.98
312.98
312.98
312.98
312.39
312.39
312.39
312.39
311.6
311.6
311.6
311.6
311.6
311.6
311.6
311.6
311.6
311.6
311.6
311.6
311.6
311.6
311.6
310.49
310.13
310.13
310.13
310.13
310.01
310.01
310.01
310.21
310.21
310.21
310.21
310.32
310.32
310.32
310.32
310.53
310.53
310.53
310.53
310.64
310.64
310.64
310.64
316.96
316.96
316.96
316.96
311.7
311.7
311.7
311.7
317.35
317.35
317.35
317.35
318.09
318.09
318.09
318.09
312.29
312.29
312.29
312.29
312.76
312.76
312.76
312.76
312.76
312.76
312.76
312.76
312.76
312.76
312.76
312.76
312.76
312.76
312.76
312.76
312.76
312.76
312.76
312.76
312.76
312.76
312.76
312.76
316.96
316.96
316.96
316.96
317.54
317.54
317.54
317.54
318.37
318.37
318.37
318.37
319.35
319.35
319.35
319.35
325.04
325.04
325.04
325.04
327.51
327.51
327.51
327.51
322.02
322.02
322.02
322.02
323.22
323.22
323.22
323.22
324.2
324.2
324.2
324.2
325.54
325.54
325.54
325.54
325.54
325.54
325.54
325.54
325.54
325.54
325.54
325.54
325.54
325.54
325.54
325.54
325.54
325.54
325.54
327.1
327.31
327.31
327.31
326.8
326.85
326.85
326.85
326.2
326.2
326.2
326.2
326.2
326.2
326.2
326.2
326.25
326.25
326.25
326.25
326.12
326.12
326.12
326.12
326.17
326.17
326.17
326.17
326.22
326.22
326.22
326.22
326.33
326.33
326.33
326.33
327.31
327.31
327.31
327.31
327.55
327.55
327.55
327.55
327.55
327.55
327.55
327.55
327.55
327.55
327.55
327.55
327.55
327.55
327.55
327.55
327.55
327.55
327.55
327.55
327.55
327.55
327.55
327.55
327.55
327.55
327.55
327.55
328.68
328.68
328.68
328.68
327.82
327.82
327.82
321.17
321.17
321.17
321.17
321.61
321.61
321.61
321.61
321.55
321.55
321.55
321.55
321.84
321.84
321.84
321.84
321.51
321.51
321.51
321.51
332.46
332.46
332.46
332.46
320.9
320.9
320.9
320.9
320.9
320.9
320.9
320.9
320.9
320.9
320.9
320.9
320.9
320.9
320.9
320.9
320.9