17.23
317.23
319.06
319.06
319.06
319.06
314.7
314.7
314.7
314.7
313.39
313.39
313.39
313.39
313.39
313.39
313.39
313.39
313.39
313.39
313.39
313.39
313.39
313.39
313.39
315.92
315.92
315.92
315.92
312.72
312.16
312.16
312.16
321.01
321.01
321.01
321.01
312.17
312.17
312.17
312.17
312.4
312.4
312.4
312.4
312.05
312.05
312.05
313.02
313.02
313.02
312.29
312.29
312.29
312.29
311.69
311.69
311.69
311.69
312.05
312.05
312.05
312.05
307.74
307.74
307.74
307.74
307.65
307.65
307.65
307.65
308.06
308.06
308.06
308.06
309.96
309.96
309.96
309.96
311.48
311.48
311.48
311.48
311.48
311.48
311.48
311.48
311.48
311.48
311.48
311.48
311.48
311.48
311.48
311.48
311.48
311.48
311.48
323.38
323.38
323.38
323.38
323.38
323.38
323.38
323.38
323.38
323.38
323.38
323.38
323.38
323.38
323.38
323.38
323.38
323.38
324.4
324.4
324.4
324.4
325.2
325.2
325.2
70
323.53
323.53
323.53
323.53
324.52
324.52
324.52
324.52
325.34
325.34
325.34
325.34
327.55
327.55
328.88
328.88
328.88
328.88
330.09
330.09
330.09
330.09
330.09
330.09
330.09
330.09
330.09
330.09
330.09
330.09
330.09
330.09
330.09
335.52
335.63
335.63
335.63
345.01
344.76
344.76
344.76
344.76
345.01
345.01
345.01
345.01
344.78
344.78
344.78
344.78
348.38
348.38
348.38
348.38
344.58
344.58
344.58
344.58
344.37
344.37
344.37
344.37
326.25
326.25
326.25
326.25
326.25
326.25
326.25
326.25
328.88
328.88
328.88
328.88
329.43
329.43
329.43
329.43
330.35
330.35
330.35
330.35
331.01
331.01
331.01
331.01
331.73
36
340.36
340.36
341.1
341.1
341.1
341.1
339.36
339.36
339.36
339.36
339.36
339.36
339.36
339.36
339.36
339.36
339.36
339.36
339.36
339.36
339.36
339.36
339.36
339.36
339.36
329.48
329.59
329.59
329.59
329.11
329.11
329.11
329.11
328.92
328.92
328.92
328.92
329.43
329.43
329.43
329.43
329.98
329.98
329.98
329.98
330.69
330.69
330.69
330.69
333.6
333.6
334.53
334.53
334.53
334.53
335.22
335.22
335.22
335.22
335.44
335.44
335.44
335.44
335.9
335.9
335.9
335.9
336.17
336.17
336.17
336.17
340.84
340.84
340.84
62
336.62
336.62
336.62
336.37
336.37
336.37
336.37
335.62
335.62
335.62
335.62
335.38
62
338.62
338.62
338.62
338.62
338.62
338.62
339.82
339.82
339.82
339.82
339.82
339.82
339.82
339.82
339.82
339.82
339.82
339.82
339.82
339.82
339.82
339.82
339.82
339.82
339.24
345.24
345.24
345.24
345.24
345.24
345.24
345.24
345.24
345.24
345.24
345.24
345.24
94
329.94
329.94
329.94
329.94
329.94
330.39
330.39
330.39
330.39
330.36
330.36
330.36
330.36
330.78
330.78
330.78
330.78
331.11
331.11
331.11
331.11
331.52
331.52
331.52
329.53
329.53
329.11
329.11
329.11
329.11
329.06
329.06
329.06
329.06
328.23
328.23
328.87
302.34
301.9
301.9
301.9
299.78
299.78
299.78
299.78
297.85
297.85
297.85
297.85
83
292.83
292.83
292.83
291.8
291.8
291.8
291.8
291.28
291.28
291.28
291.28
291.04
289.35
289.35
289.22
289.22
289.22
289.22
288.8
288.8
288.8
288.8
288.93
288.93
288.93
288.93
288.83
288.83
288.83
288.83
288.66
288.66
288.66
288.66
288.48
288.48
288.48
288.48
288.68
288.68
288.68
288.68
288.88
288.88
288.88
288.88
289.04
289.04
289.04
288.98
288.98
288.98
288.98
288.98
288.98
288.98
293.62
283.83
283.83
283.83
280.92
280.92
280.92
280.92
278.45
278.45
278.45
278.45
276.51
276.51
276.51
276.51
272.5
272.5
29
267.29
266.33
266.33
266.33
266.33
264.67
264.67
264.67
264.67
264.06
264.06
264.06
264.06
264.06
264.06
264.06
264.06
264.06
264.06
264.06
264.06
264.06
264.06
264.06
255.74
255.74
255.74
255.74
255.02
255.02
255.02
255.02
253.61
253.61
253.61
253.61
253.23
253.23
253.23
253.23
253.23
253.23
253.23
253.23
253.23
253.23
253.23
253.23
253.23
3
248.2
248.2
248.2
248.2
246.14
246.14
246.14
246.14
244.96
244.96
244.96
244.96
243.27
243.27
243.27
243.27
242.05
242.05
242.05
242.05
240.37
240.37
240.37
240.37
188.84
188.84
186.26
186.26
186.26
186.26
185.4
185.4
185.4
185.4
183.69
183.69
183.69
183.69
182
182
182
182
180.77
180.77
180.77
180.77
180.77
180.77
180.77
180.77
180.77
180.77
180.77
180.77
180.77
180.77
180.77
180.77
180.77
180.77
180.77
180.77
180.77
180.77
180.77
180.77
171.97
171.97
171.97
171.97
170.11
170.11
170.11
170.11
71.68
71.68
71.68
71.68
72.46
72.46
72.46
72.46
71.63
71.63
71.63
71.63
71.63
69.91
51.11
51.11
51.11
51.11
51.11
51.11
51.11
51.11
51.11
51.11
47.42
47.42
47.42
47.42
4.31
37.47
37.47
37.47
37.47
37.47
37.1
37.1
37.1
37.1
36.23
36.23
36.23
36.23
36.212
32.12
32.12
30.94
30.94
30.94
30.94
30.94
30.94
30.94
30.94
30.94
30.94
30.94
0.942
35.2
35.2
34.38
34.38
34.38
34.38
34.29
34.29
34.29
34.29
34.29
33.84
33.84
35.65
35.65
35.65
35.65
35.65
35.65
35.65
35.65
35.65
41.32
41.32
41.32
41.32
41.3
45.28
45.28
45.28
45.28
45.28
45.28
41.58
41.58
41.58
41.58
41.58
41.58
41.58
41.58
0.27
37.27
37.27
37.27
37.27
40.04
40.04
40.04
40.04
42.39
42.39
42.39
42.39
42.39
43.09
43.09
43.09
43.09
43.09
44.5
44.5
44.5
44.5
45.06
45.06
45.06
45.06
45.06
45.06
45.06
47.05
47.05
47.05
47.05
47.05
47.05
47.05
47.05
47.05
45.9
45.9
42.74
42.39
42.39
42.39
42.39
42.72
42.72
42.72
42.72
42.72
42.72
42.72
42.72
42.72
4275
38.75
38.75
38.75
38.75
38.75
38.75
38.75
38.75
38.75
38.75
38.75
38.75
38.75
757.17
47.17
47.48
47.48
47.48
47.48
47.28
48.85
48.85
48.85
48.85
48.92
48.92
48.92
44.37
44.37
44.37
44.37
43.29
43.29
43.29
43.29
43.29
42.46
42.46
42.46
42.46
41.91
417.58
47.58
55.18
55.18
55.18
55.18
56.47
56.47
56.47
56.47
56.47
56.95
56.95
56.95
56.95
57.09
57.09
57.09
57.09
57.09
56.86
56.86
56.86
56.86
56.17
56.17
56.17
56.17
52.34
52.34
52.34
52.34
52.34
52.34
52.34
52.34
52.34
52.34
52.34
52.34
52.34
52.34
52.34
52.34
52.34
41.88
41.88
41.88
41.88
41.88
41.88
41.88
41.88
41.88
44.46
44.449
53.49
53.49
53.49
53.49
53.49
53.49
53.49
53.49
53.49
53.49
53.49
53.49
53.49
53.49
57.45
57.45
57.45
57.45
52.67
52.67
52.67
52.67
52.67
52.47
52.47
52.47
52.47
55.81
55.81
55.81
55.81
55.81
50.98
50.98
50.98
50.98
50.41
50.41
50.41
50.41
50.41
52.81
52.81
52.81
52.81
53
51.69
51.69
51.69
51.69
50.5
50.5
50.5
50.5
50.5
50.5
50.5
50.5
50.5
50.5
50.5
50.5
50.5
50.5
50.5
50.5
50.5
50.5
50.5
50.5
50.5
50.5
50.5
46.35
46.35
46.35
46.35
46.35
46.35
46.35
46.35
46.35
45.62
45.62
45.62
45.62
43.54
43.54
43.54
43.54
43.54
43.8
43.8
43.8
43.8
45.11
45.11
45.11
45.11
45.11
42.98
42.98
42.98
42.98
43.62
43.62
43.62
43.62
43.62
44
44
44
44
44.24
43.98
43.98
43.98
43.98
43.2
43.2
43.2
43.2
43.2
43.2
43.2
43.2
43.2
43.2
43.2
43.2
43.2
43.2
43.2
43.2
43.2
43.2
43.2
43.2
43.2
43.2
43.2
43.31
43.31
43.31
43.31
43.31
43.31
43.31
43.31
43.31
44.04
44.04
44.04
44.04
44.43
44.43
44.43
44.43
44.43
44.4
44.4
44.4
44.4
45.42
45.42
45.42
45.42
45.42
45.57
45.57
45.57
45.57
46.56
46.56
46.56
46.56
46.56
46.34
46.34
46.34
46.34
46.34
46.87
46.87
46.87
46.87
47.13
47.13
47.13
47.13
47.13
47.13
47.13
47.13
47.13
47.13
47.13
47.13
47.13
47.13
47.13
47.13
47.13
47.13
47.13
47.13
47.13
47.13
47.13
45.38
45.38
45.38
45.38
45.53
45.53
45.53
45.53
45.53
44.62
44.62
44.62
44.62
44.24
44.24
44.24
44.24
44.24
43.6
43.6
43.6
43.6
43.08
43.08
43.08
43.08
43.08
42.83
42.83
42.83
42.83
42.44
42.44
42.44
42.44
42.44
41.79
41.79
41.79
41.79
41.66
41.92
41.92
41.92
41.92
42.05
42.05
42.05
42.05
42.05
42.05
42.05
42.05
42.05
42.05
42.05
42.05
42.05
42.05
42.05
42.05
42.05
42.05
42.05
42.05
42.05
42.05
42.05
44.65
44.65
44.65
44.65
45.95
45.95
45.95
45.95
45.95
46.93
46.93
46.93
46.93
48.28
48.28
48.28
48.28
48.28
48.47
48.47
48.47
48.47
49.78
49.78
49.78
49.78
49.78
49.77
49.77
49.77
49.77
49.88
50.18
50.18
50.18
50.18
50.7
50.7
50.7
50.7
50.7
50.7
50.7
50.7
50.7
50.7
50.7
50.7
50.7
50.7
50.7
50.7
50.7
50.7
50.7
50.7
50.7
50.7
50.7
48.94
48.94
48.94
48.94
48.94
48.94
48.94
48.94
48.94
47.72
47.72
47.72
47.72
48.02
48.02
48.02
48.02
48.02
47.83
47.83
47.83
47.83
47.35
47.35
47.35
47.35
47.35
47.46
47.46
47.46
47.46
47.28
47.28
47.28
47.28
47.28
47.4
47.4
47.4
47.4
47.51
47.22
47.22
47.22
47.22
47.4
47.4
47.4
47.4
47.4
47.4
47.4
47.4
47.4
47.4
47.4
47.4
47.4
47.4
47.4
47.4
47.4
47.4
47.4
47.4
47.4
47.4
47.4
45.58
45.58
45.58
45.58
45.58
45.58
45.58
45.58
45.58
47.32
47.32
47.32
47.32
47.32
47.32
47.32
47.32
47.32
46.82
46.82
46.82
46.82
46.93
46.93
46.93
46.93
46.93
46.14
46.14
46.14
46.14
45.86
45.86
45.86
45.86
45.86
44.9
44.9
44.9
44.9
44.53
44.53
44.53
44.53
44.53
42.33
42.33
42.33
42.33
42.33
42.33
42.33
42.33
42.33
42.33
42.33
42.33
42.33
42.33
42.33
42.33
42.33
42.33
42.33
42.33
42.33
42.33
42.33
39.5
39.5
39.5
39.5
39.5
39.5
39.5
39.5
39.5
38.64
38.64
38.64
38.64
38.64
38.64
38.64
38.64
38.64
39.19
39.19
39.19
39.19
39.75
39.75
39.75
39.75
39.75
40.16
40.16
40.16
40.16
41.04
41.04
41.04
41.04
41.04
42.49
42.49
42.49
42.49
42.91
43.77
43.77
43.77
43.77
45.75
45.75
45.75
45.75
45.75
45.75
45.75
45.75
45.75
45.75
45.75
45.75
45.75
45.75
45.75
45.75
45.75
45.75
45.75
45.75
45.75
45.75
45.75
47.99
47.99
47.99
47.99
48.61
48.61
48.61
48.61
48.61
47.73
47.73
47.73
47.73
47.05
47.05
47.05
47.05
47.05
45.74
45.74
45.74
45.74
44.22
44.22
44.22
44.22
44.22
43.27
43.27
43.27
43.27
43.27
41.92
41.92
41.92
41.92
40.2
40.2
40.2
40.2
40.05
39.02
39.02
39.02
39.02
39.02
39.02
39.02
39.02
39.02
39.02
39.02
39.02
39.02
39.02
39.02
39.02
39.02
39.02
39.2
39.2
39.2
39.2
39.2
39.2
39.2
39.2
39.2
41.01
41.01
41.01
41.01
42.83
42.83
42.83
42.83
42.83
44
44
44
44
45.42
45.42
45.42
45.42
45.42
46.6
46.6
46.6
46.6
48.81
48.81
48.81
48.81
48.81
50.55
50.55
50.55
50.55
50.73
51.56
51.56
51.56
51.56
52.19
52.19
52.19
52.19
52.19
52.19
52.19
52.19
52.19
52.19
52.19
52.19
52.19
52.19
52.19
52.19
52.19
52.19
52.19
52.19
52.19
52.19
52.19
51.64
51.64
51.64
51.64
51.64
51.64
51.64
51.64
51.64
50.18
50.18
50.18
50.18
49.37
49.37
49.37
49.37
49.37
48.09
48.09
48.09
48.09
47.29
47.29
47.29
47.29
47.29
46.28
46.28
46.28
46.28
45.64
45.64
45.64
45.64
45.64
44.89
44.89
44.89
44.89
44.54
44.54
44.54
44.54
44.54
43.78
43.78
43.78
43.78
43.78
43.78
43.78
43.78
43.78
43.78
43.78
43.78
43.78
43.78
43.78
43.78
43.78
43.78
43.78
43.78
43.78
43.78
43.78
44.2
44.2
44.2
44.2
44.82
44.82
44.82
44.82
44.82
44.42
44.42
44.42
44.42
45.37
45.37
45.37
45.37
45.37
44.97
44.97
44.97
44.76
44.76
44.76
44.76
44.47
44.47
44.47
44.47
44.47
44.47
44.47
44.47
44.47
44.47
44.47
44.47
44.47
44.47
44.47
44.47
44.47
44.47
44.47
44.47
44.47
44.47
44.47
44.47
44.47
44.47
44.47
44.47
46.2
46.2
46.2
46.2
47.37
47.37
47.37
47.37
47.37
48.54
48.54
48.54
48.54
49.14
49.14
49.14
49.14
49.14
49.95
49.95
49.95
49.95
51.57
51.57
51.57
51.57
51.57
52.23
52.23
52.23
52.23
52.33
53.02
53.02
53.02
53.02
53.71
53.71
53.71
53.71
53.71
53.71
53.71
53.71
53.71
53.71
53.71
53.71
53.71
53.71
53.71
53.71
53.71
53.71
53.71
53.71
53.71
53.71
53.71
52.92
52.92
52.92
52.92
52.92
52.92
52.92
52.92
52.92
50.41
50.41
50.41
50.41
48.79
48.79
48.79
48.79
48.79
47.29
47.29
47.29
47.29
45.66
45.66
45.66
45.66
45.66
43.38
43.38
43.38
43.38
41.57
41.57
41.57
41.57
41.57
39.63
39.63
39.63
39.63
39.81
38.87
38.87
38.87
38.87
38.87
38.87
38.87
38.87
38.87
38.87
38.87
38.87
38.87
38.87
38.87
38.87
38.87
38.87
39.09
39.09
39.09
39.09
39.09
39.09
39.09
39.09
39.09
41.9
41.9
41.9
41.9
43.12
43.12
43.12
43.12
43.12
44.93
44.93
44.93
444
48.77
48.77
48.77
48.77
49.09
49.68
49.68
49.68
49.68
50.28
50.28
50.28
50.28
50.28
50.28
50.28
50.28
50.28
50.28
50.28
50.28
50.28
50.28
50.28
50.28
50.28
50.28
50.28
50.28
50.28
50.28
50.28
48.03
48.03
48.03
48.03
48.03
48.03
48.03
48.03
48.03
47.14
47.14
47.14
47.14
46.17
46.17
46.17
46.17
46.17
45.38
45.38
45.38
45.38
44.97
44.97
44.97
44.97
44.97
43.7
43.7
43.7
43.7
43.68
43.68
43.68
43.68
43.68
42.93
42.93
42.93
42.93
42.93
42.67
42.67
42.67
42.67
42.3
42.3
42.3
42.3
42.3
42.3
42.3
42.3
42.3
42.3
42.3
42.3
42.3
42.3
42.3
42.3
42.3
42.3
42.3
42.3
42.3
42.3
42.3
42.3
42.3
42.3
42.3
43.17
43.17
43.17
43.17
43.17
44.29
44.29
44.29
44.29
45.27
45.27
45.27
45.27
45.27
46.66
46.66
46.66
46.66
48.23
48.23
48.23
48.23
48.23
49.02
49.02
49.02
49.02
49.11
50.99
50.99
50.99
50.99
52.16
52.16
52.16
52.16
52.08
53.74
53
53.74
53.74
57.07
57.07
57.07
57.07
57.07
57.07
57.07
57.07
57.07
56.82
56.82
56.82
56.82
57
57
57
57
57
56.19
56.19
56.19
56.19
55.81
55.81
55.81
55.81
55.81
54.35
54.35
54.35
54.35
53.11
53.11
53.11
53.11
53.11
51.3
51.3
51.3
51.3
51.3
50.38
50.38
50.38
50.38
48.66
48.66
48.66
48.66
48.66
48.66
48.66
48.66
48.66
48.66
48.66
48.66
48.66
48.66
48.66
48.66
48.66
48.66
48.66
48.66
48.66
48.66
48.66
43.3
43.3
43.3
43.3
43.3
43.3
43.3
43.3
43.3
44.28
44.28
44.28
44.28
43.84
43.84
43.84
43.84
43.84
43.71
43.71
43.71
43.71
43.84
43.84
43.84
43.84
43.84
43.69
43.69
43.69
43.69
44.12
44.12
44.12
44.12
44.12
43.69
43.69
43.69
43.69
43.69
43.97
43.97
43.97
0.97
43.97
43.97
43.97
43.97
43.97
43.97
43.97
43.97
43.97
50.47
50.47
50.47
50.47
50.47
50.47
50.47
50.47
50.47
54.13
54.13
54.13
54.13
56.15
56.15
56.15
56.15
56.15
57.86
57.86
57.86
57.86
59.46
59.46
59.46
59.46
59.46
60.35
60.35
60.35
60.35
61.21
61.21
61.21
61.21
61.21
61.57
61.57
61.57
61.57
61.41
61.09
61.09
61.09
61.09
60.39
60.39
60.39
60.39
60.39
60.39
60.39
60.39
60.39
60.39
60.39
60.39
60.39
60.39
60.39
60.39
60.39
60.39
60.39
60.39
60.39
60.39
60.39
49.1
49.1
49.1
49.1
49.1
49.1
49.1
49.1
49.1
47.51
47.51
47.51
47.51
44.28
44.28
44.28
44.28
44.28
44.01
44.01
44.01
44.01
435
41.75
41.75
41.75
41.6
42.5
42.5
42.5
42.5
42.5
42.5
42.5
42.5
42.5
42.5
42.5
42.5
42.5
42.5
42.5
42.5
42.5
42.5
46.31
46.31
46.31
46.31
46.31
46.31
46.31
46.31
46.31
48.89
48.89
48.89
48.89
51.49
51.49
51.49
51.49
51.49
49.64
49.64
49.64
49.64
54.58
54.58
54.58
54.58
54.58
55.67
55.67
55.67
55.67
56.69
56.69
56.69
56.69
56.69
57.03
57.03
57.03
57.03
57.17
58.19
58.19
58.19
58.19
58.19
58.19
58.19
58.19
58.19
58.19
58.19
58.19
58.19
58.19
58.19
58.19
58.19
58.19
58.19
58.19
58.19
58.19
58.19
58.19
58.19
58.19
58.19
55.07
55.07
55.07
55.07
55.07
55.07
55.07
55.07
55.07
53.54
53.54
53.54
53.54
51.02
51.02
51.02
51.02
51.02
50.91
50.91
50.91
50.91
50.08
48.33
48.21
48.52
48.52
48.52
48.52
48.52
48.52
48.52
48.52
48.52
48.52
48.52
48.52
48.52
48.52
48.52
48.52
48.52
48.52
48.52
48.52
48.52
48.52
48.52
48.52
48.52
48.52
48.52
50.7
50.7
50.7
50.7
51.11
51.11
51.11
51.11
51.11
51.32
51.32
51.32
51.32
0.36
48.36
48.36
48.36
48.58
50.69
50.69
50.69
50.69
50.48
50.48
50.48
50.48
50.48
50.48
50.48
50.48
50.48
50.48
50.48
50.48
50.48
50.48
50.48
50.48
50.48
50.48
50.48
50.48
50.48
50.48
50.48
55.18
55.18
55.18
55.18
55.18
55.18
55.18
55.18
55.18
57.79
57.79
5
62.07
62.38
62.38
62.38
62.38
62.31
62.31
62.31
62.31
62.31
62.31
62.31
62.31
62.31
4
54.74
54.74
54.74
54.42
54.42
54.42
54.42
54.5
54.5
54.5
54.5
54.5
54.09
54.09
54.09
54.09
54.66
54.66
54.66
54.66
54.66
54.66
54.66
54.66
54.66
54.66
54.98
54.98
5.61
56.61
56.61
56.61
56.9
56.9
56.9
56.9
56.84
56.54
56.54
56.54
56.54
56.54
58.81
58.81
59.4
59.4
59.4
59.4
60.28
60.28
60.28
60.28
60.28
61.16
61.16
61.16
61.16
62.05
62.05
62.05
62.05
62.05
62.31
62.31
62.31
62.31
62.31
63.2
63.2
63.2
63.2
63.48
63.48
63.48
63.48
63.48
63.48
63.48
63.48
63.48
63.48
63.48
63.48
63.48
63.48
63.48
63.48
63.48
63.48
63.48
63.48
63.48
63.48
63.48
61.04
61.04
61.04
61.04
61.04
61.04
61.04
61.04
61.04
59.45
59.45
59.45
59.45
57.96
57.96
57.96
57.96
57.96
57.25
57.25
57.25
57.25
56.71
56.71
56.71
56.71
56.71
56.05
56.05
56.05
56.05
55.99
55.99
55.99
55.99
55.99
55.92
55.92
55.92
55.92
55.92
56.22
56.22
56.22
56.22
57.06
57.06
57.06
57.06
57.06
57.06
57.06
57.06
57.06
57.06
57.06
57.06
57.06
57.06
57.06
57.06
57.06
57
65.51
65.51
65.51
65.51
66.86
66.86
66.86
66.86
66.86
67.9
67.9
67.9
67.9
69.35
69.35
69.35
69.35
69.35
70.49
70.49
70.49
70.49
70.91
70.91
70.91
70.91
70.91
71.73
719
72.59
72.59
72.59
72.59
72.59
72.59
72.59
72.59
72.59
72.59
72.59
72.59
72.59
72.59
72.59
72.59
72.06
72.06
72.06
72.06
71.2
71.2
71.2
71.2
71.2
71.18
71.18
71.18
71.18
70.77
70.77
70.77
70.77
70.77
70.34
70.34
70.34
70.34
69.92
69.92
69.92
69.92
69.92
68.62
68.62
68.62
68.62
68.62
67.74
67.74
67.74
67.74
67.3
67.3
67.3
67.3
67.3
67.3
67.3
67.3
67.3
67.3
67.3
67.3
67.3
67.3
67.3
67.3
67.3
67.3
67.3
67.3
67.3
67.3
67.3
57.92
57.92
57.92
57.92
57.92
57.92
57.92
57.92
57.92
51.45
511
50.71
50.71
50.31
50.31
50.31
50.31
50.18
50.18
50.18
50.18
50.18
49.92
49.92
49.92
49.92
50.43
50.81
50.81
50.81
50.81
50.56
50.56
50.56
50.56
50.56
50.56
50.56
50.56
50.56
50.56
50.56
50.56
50.56
50.56
50.56
50.56
50.56
50.56
50.56
50.56
50.56
50.56
50.56
51.77
51.77
51.77
51.77
51.77
51.77
51.77
51.77
51.77
51.63
51.63
51.63
51.63
51.15
51.15
51.15
51.15
51.15
51.15
51.15
51.15
51.15
50.9
50.9
50.9
50.9
50.9
50.9
50.9
50.9
50.9
50.66
50.66
50.66
50.66
50.66
50.65
50.65
50.65
50.65
50.76
51.81
51.81
51.81
51.81
52.72
52.72
52.72
52.72
52.72
52.72
52.72
52.72
52.72
52.72
52.72
52.72
52.72
52.72
52.72
52.72
52.72
52.72
52.72
52.72
52.72
52.72
52.72
57.51
57.51
57.51
57.51
57.51
57.51
57.51
57.51
57.51
58.49
58.49
58.49
58.49
58.94
58.94
58.94
58.94
58.94
57.5
57.5
57.5
57.5
58.72
58.72
58.72
58.72
58.72
58.4
58.4
58.4
58.4
56.16
56.16
56.16
56.16
56.16
56.54
56.54
56.54
56.54
56.61
56.61
56.61
56.61
56.61
55.28
55.28
55.28
55.28
55.28
55.28
55.28
55.28
55.28
55.28
55.28
55.28
55.28
55.28
55.28
55.28
55.28
55.28
55.28
55.28
55.28
55.28
55.28
54.58
54.58
54.58
54.58
56.16
56.16
56.16
56.16
56.16
57.11
57.11
57.11
57.11
58.4
58.4
58.4
58.4
58.4
59.21
59.21
59.21
59.21
60.58
60.58
60.58
60.58
60.58
61.07
61.07
61.07
61.07
61.11
64.51
64.51
64.51
64.51
68.27
68.27
68.27
68.27
68.27
68.27
68.27
68.27
68.27
68.27
68.27
68.27
68.27
68.27
68.27
68.27
68.27
68.27
68.27
68.27
68.27
68.27
68.27
81.94
81.94
81.94
81.94
81.94
81.94
81.94
81.94
81.94
86.93
86.93
86.93
86.93
89.57
89.57
89.57
89.57
89.57
92.07
92.07
92.07
92.07
94.31
94.31
94.31
94.31
94.31
96.05
96.05
96.05
96.05
98.7
98.7
98.7
98.7
98.7
98.31
98.31
98.31
98.31
99.15
99.15
99.15
99.15
99.15
104.15
104.15
104.15
104.15
104.15
104.15
104.15
104.15
104.15
104.15
104.15
104.15
104.15
104.15
104.15
104.15
111.62
111.62
111.62
111.62
113.04
113.04
113.04
113.04
115.07
115.07
115.07
115.07
117.51
117.51
117.51
117.51
119.09
119.09
119.09
119.09
120.97
120.97
120.97
120.97
122.88
122.88
122.88
122.88
124.44
124.44
124.44
124.44
126.01
126.01
126.01
126.01
128.17
128.17
128.17
128.17
128.17
128.17
128.17
128.17
128.17
128.17
128.17
128.17
128.17
128.17
128.17
128.17
128.17
128.17
128.17
136.21
139.02
139.02
139.02
141.34
141.34
141.34
141.34
142.9
142.9
142.9
142.9
144.87
144.87
144.87
144.87
146.3
146.3
146.3
146.3
147.31
147.31
147.31
147.31
148.1
148.1
148.1
148.1
148.1
148.1
148.1
148.1
148.02
148.02
148.02
148.02
147.47
147.47
147.47
147.47
147.07
147.07
147.07
147.07
147.07
147.07
147.07
147.07
147.07
147.07
147.07
147.07
147.07
147.07
147.07
147.07
147.07
147.07
147.07
147.07
147.07
147.07
147.07
147.07
141.29
141.29
141.29
141.29
142.61
142.61
142.61
142.61
141.55
141.55
141.55
141.55
142.13
142.13
142.13
142.13
142.13
28
143.28
143.28
144.69
144.69
144.69
144.69
145.35
145.35
145.35
145.35
145.35
145.35
145.35
145.35
145.35
145.35
145.35
145.35
145.35
145.35
145.35
145.35
145.35
145.35
145.35
148.03
148.73
148.73
148.73
150
149.87
149.87
149.87
149.22
149.22
149.22
149.22
7
151.07
151.07
151.07
151.58
151.58
151.58
151.58
152.72
152.72
152.72
152.72
153.85
153.85
153.85
153.85
155.31
155.31
155.31
155.31
155.31
155.31
155.31
155.31
155.31
155.31
155.31
155.31
155.31
155.31
155.31
155.31
155.31
155.31
155.31
155.31
155.31
155.31
155.31
155.31
163.35
163.35
163.35
163.35
164.65
164.65
164.65
164.65
165.89
165.89
165.89
165.89
166.69
166.69
166.69
166.69
167.55
167.55
167.55
167.55
168.34
168.34
168.34
168.34
169.06
169.06
169.06
169.06
168.6
168.6
168.6
168.6
169.31
169.31
169.31
169.38
169.38
169.38
169.46
169.46
169.46
169.46
170.18
170.18
170.18
170.18
169.29
169.29
169.29
169.29
169.52
169.52
169.52
169.52
169.34
169.34
169.34
169.34
169.08
169.08
169.08
169.08
168.8
168.8
168.8
168.8
168.08
168.08
168.08
168.08
166.81
166.81
166.81
166.81
165.97
165.97
165.97
165.97
165.97
165.97
165.97
165.97
165.97
165.97
165.97
165.97
165.97
165.97
165.97
165.97
165.97
165.97
165.97
165.97
165.97
165.97
165.97
165.97
158.14
158.14
158.14
158.14
157.62
157.62
157.62
157.62
157.11
157.11
157.11
157.11
154.33
154.33
154.33
154.33
154.47
154.47
154.47
154.47
154.01
154.01
154.01
154.01
154.98
154.98
154.98
154.98
154.56
154.56
154.56
154.56
154.63
154.63
154.63
154.63
154.22
154.22
154.22
154.22
154.22
154.22
154.22
154.22
154.22
154.22
154.22
154.22
154.22
154.22
154.22
154.22
154.22
154.22
154.22
159.06
159.02
159.02
159.02
160.22
160.27
160.27
160.27
163.92
163.92
163.92
163.92
165.74
165.74
165.74
165.74
168.28
168.28
168.28
168.28
169.93
169.93
169.93
169.93
174.4
174.4
174.4
174.4
176.32
176.32
176.32
176.32
179.77
179.77
179.77
179.77
182.58
182.58
182.58
182.58
185.52
185.52
185.52
185.52
188.79
188.79
188.79
188.79
188.79
188.79
188.79
188.79
188.79
188.79
188.79
188.79
188.79
188.79
188.79
188.79
188.79
188.79
188.79
188.79
188.79
188.79
188.79
188.79
201.04
201.04
201.04
201.04
203.36
203.36
203.36
203.36
205.15
205.15
205.15
205.15
209.38
209.38
209.38
209.38
212.78
212.78
212.78
212.78
213.04
213.04
213.04
213.04
217.46
217.46
217.46
73
221.73
221.73
221.73
221.73
221.73
221.73
221.73
221.73
221.73
221.73
221.73
221.73
221.73
221.73
221.73
221.89
225.51
225.51
225.51
225.51
225.85
225.85
225.85
228.41
228.41
228.41
228.41
225.62
225.62
225.62
225.62
226.17
226.17
226.17
226.17
225.67
225.67
225.67
225.67
226.6
226.6
226.6
226.6
226.96
226.96
226.96
226.96
227.18
227.18
227.18
227.18
228.29
228.29
228.29
228.29
229.42
229.42
229.42
229.42
230.56
230.56
230.56
230.56
230.56
230.56
230.56
230.56
230.56
230.56
230.56
230.56
230.56
230.56
230.56
230.56
230.56
230.56
230.56
230.56
230.56
230.56
230.56
230.56
238.07
238.07
238.07
238.07
239.03
239.03
239.03
239.03
242.57
242.57
242.57
242.57
240.33
240.33
240.33
240.33
240.85
240.85
240.85
240.85
241.31
241.31
241.31
241.31
242.08
242.08
242.08
242.08
242.12
242.12
242.12
242.12
241.76
241.76
241.76
241.76
241.4
241.4
241.4
241.4
241.26
241.31
237.31
237.31
237.31
237.31
241.13
241.13
241.13
241.13
239.87
239.87
239.87
239.87
262.77
262.77
263.02
263.02
263.02
263.02
276.61
276.61
276.61
276.61
283.46
283.46
283.46
283.46
273.2
273.2
273.2
273.2
276.63
276.63
276.63
276.63
266.09
266.09
266.09
266.09
267.53
267.53
267.53
267.53
269.34
269.34
269.34
269.34
269.34
269.34
269.34
269.34
269.34
269.34
269.34
269.34
269.34
269.34
269.34
269.34
269.34
269.34
269.34
268.06
275.76
275.76
275.76
275.18
277.75
277.75
277.75
279.65
279.65
279.65
279.65
282.64
282.64
282.64
282.64
281.89
281.89
281.89
281.89
283.73
283.73
283.73
283.73
300.3
300.3
300.3
300.3
293.11
293.11
293.11
293.11
299.74
299.74
299.74
299.74
291.98
291.98
291.98
291.98
288.85
288.85
288.85
288.85
288.85
288.85
288.85
288.85
288.85
288.85
288.85
288.85
288.85
288.85
288.85
288.85
288.85
288.85
288.85
288.85
288.85
288.85
288.85
288.85
289.71
289.71
289.71
289.71
290.41
290.41
290.41
290.41
290.46
290.46
290.46
290.46
290.93
290.93
290.93
290.93
297.4
297.4
297.4
297.4
297.84
297.84
297.84
297.84
303.73
303.73
303.73
303.73
299.67
299.67
299.67
299.67
292.34
292.34
292.34
292.34
301.35
301.35
301.35
301.35
292.35
292.35
292.35
292.35
292.35
292.35
292.35
292.35
292.35
292.35
292.35
292.35
292.35
292.35
292.35
292.35
289.18
289.18
289.18
289.18
287.73
287.73
287.73
286.32
286.32
286.32
286.32
284.42
284.42
284.42
284.42
283.06
283.06
283.06
283.06
281.64
281.64
281.64
281.64
284.67
284.67
284.67
284.67
285.05
285.05
285.05
285.05
288.12
288.12
288.12
288.12
282
282
282
282
275.02
275.02
275.02
275.02
274.86
274.86
274.86
274.86
274.86
274.86
274.86
274.86
274.86
274.86
274.86
274.86
274.86
274.86
274.86
274.86
274.86
274.86
274.86
274.86
274.86
274.86
274.86
274.86
274.11
274.11
274.11
274.11
274.28
274.28
274.28
274.28
274.74
274.74
274.74
274.74
274.89
274.89
274.89
274.89
275.76
275.76
275.76
275.76
282.31
282.31
282.31
282.31
276.83
276.83
276.83
276.83
283.82
283.82
283.82
283.82
278.29
278.29
278.29
278.29
278.02
278.02
278.02
278.02
278.02
278.02
278.02
278.02
278.02
278.02
278.02
278.02
278.02
278.02
278.02
278.02
278.02
278.02
278.02
278.17
279.22
279.22
279.22
279.37
280.15
280.15
280.15
280.78
280.78
280.78
280.78
281.11
281.11
281.11
281.11
281.96
281.96
281.96
281.96
282.74
282.74
282.74
282.74
283.97
283.97
283.97
283.97
290.85
290.85
290.85
290.85
285.93
285.93
285.93
285.93
286.97
286.97
286.97
286.97
288.09
288.09
288.09
288.09
288.46
288.46
288.46
288.46
288.46
288.46
288.46
288.46
288.46
288.46
288.46
288.46
288.46
288.46
288.46
288.46
288.46
288.46
288.46
288.46
288.46
288.46
288.46
288.46
294.34
294.34
294.34
294.34
294.34
294.34
294.34
294.34
295.29
295.29
295.29
295.29
295.53
295.53
295.53
295.53
295.77
295.77
295.77
295.77
295.29
295.29
295.29
295.29
301.68
301.68
301.68
301.68
295.04
295.04
295.04
295.04
294.81
294.81
294.81
294.81
299.96
299.96
299.96
299.96
299.96
299.96
299.96
299.96
299.96
299.96
299.96
299.96
299.96
299.96
299.96
299.96
299.96
299.96
299.96
294.48
290.39
290.39
290.39
289.95
290.2
290.2
290.2
289.32
289.32
289.32
289.32
288.87
288.87
288.87
288.87
288.7
288.7
288.7
288.7
288.98
288.98
288.98
288.98
288.85
288.85
288.85
288.85
288.5
288.5
288.5
288.5
295.34
295.34
295.34
295.34
289.5
289.5
289.5
289.5
289.8
289.8
289.8
289.8
289.8
289.8
289.8
289.8
289.8
289.8
289.8
289.8
289.8
289.8
289.8
289.8
289.8
289.8
289.8
289.8
289.8
289.8
289.8
289.8
292.1
292.1
292.1
292.1
292.1
292.1
292.1
292.1
292.48
292.48
292.48
292.48
292.46
292.46
292.46
292.46
292.07
292.07
292.07
292.07
292.45
292.45
292.45
292.45
292.22
292.22
292.22
292.22
292.21
292.21
292.21
292.21
298.14
298.14
298.14
298.14
299.22
299.22
299.22
299.22
292.79
292.79
292.79
292.79
292.79
292.79
292.79
292.79
292.79
292.79
292.79
292.79
292.79
292.79
292.79
294.47
294.88
294.88
294.88
295.53
295.74
295.74
295.74
296.38
296.38
296.38
296.38
297.46
297.46
297.46
297.46
298.34
298.34
298.34
298.34
299.24
299.24
299.24
299.24
300.15
300.15
300.15
300.15
301.25
301.25
301.25
301.25
302
302
302
302
302.5
302.5
302.5
302.5
303.19
303.19
303.19
303.19
303.52
303.52
303.52
303.52
303.52
303.52
303.52
303.52
303.52
303.52
303.52
303.52
303.52
303.52
303.52
303.52
303.52
303.52
303.52
303.52
303.52
303.52
303.52
303.52
300.77
300.77
300.77
300.77
299.58
299.58
299.58
299.58
298.85
298.85
298.85
298.85
298.55
298.55
298.55
298.55
298.67
298.67
298.67
298.67
298.56
298.56
298.56
298.56
303.17
303.17
303.17
303.17
303.17
303.17
299.49
296.09
296.09
296.09
296.09
295.91
295.59
295.81
295.81
295.81
295.81
296.02
296.02
296.02
296.02
295.84
295.84
295.84
295.84
296.05
296.05
296.05
296.05
295.65
295.65
295.65
295.65
295.86
295.86
295.86
295.86
84
295.84
295.84
295.84
295.84
295.84
295.84
295.84
295.84
295.84
295.84
295.84
295.84
15
295.15
295.15
295.54
295.54
295.54
295.54
295.35
295.35
295.35
295.35
294.96
294.96
294.96
294.96
294.97
294.97
294.97
294.97
294.78
294.78
294.78
294.78
294.6
294.6
299.65
299.65
299.65
299.65
299.65
299.65
299.65
299.65
298.14
298.49
298.49
298.49
298.49
299.19
299.19
299.19
299.87
299.87
299.87
299.87
300.95
300.95
300.95
300.95
301.43
63
302.63
302.63
303.14
303.14
303.14
303.14
303.41
303.41
303.41
303.41
304.71
304.71
315.77
315.77
315.77
315.77
316.37
316.37
316.37
316.37
317.34
317.34
317.34
317.34
317.34
317.34
317.34
317.34
317.34
317.34
317.34
317.34
317.34
317.34
317.34
317.34
317.34
79
325.79
331.19
331.19
331.19
331.19
332.25
332.25
332.25
332.25
330.36
330.36
330.36
334.94
334.94
334.94
334.94
334.94
334.94
334.94
334.94
334.94
334.94
334.94
334.94
333.74
333.74
333.74
333.3
333.3
333.3
333.3
332.61
332.61
332.61
332.61
331.46
328.07
328.07
327.26
327.26
327.26
327.26
326.38
326.38
326.38
326.38
326.38
326.38
326.38
326.38
326.38
326.38
326.38
326.38
326.38
326.38
326.38
326.38
326.38
326.38
326.38
26
325.26
325.26
325.26
325.74
325.74
325.74
325.74
326.58
326.58
326.58
326.58
327.82
327.82
327.82
327.82
328.9
328.9
328.9
328.9
330.58
330.58
330.58
330.58
332.3
341.25
340.55
340.55
340.55
340.55
339.1
339.1
339.1
339.1
338.14
338.14
338.14
338.61
331.61
331.61
331.61
331.61
331.61
331.61
331.61
331.61
331.61
331.61
326.36
326.36
47
324.47
324.31
324.31
324.31
324.31
323.71
323.71
323.71
323.71
324.04
324.04
324.04
324.04
324.21
324.21
324.21
324.21
324.69
324.69
324.69
324.69
325.38
325.38
325.38
325.9
325.9
325.9
325.9
325.9
325.9
325.9
325.9
325.9
325.9
325.9
325.9
333.26
333.26
333.26
333.26
341.88
341.88
341.88
341.88
335.88
335.88
335.88
335.88
336.83
334.25
334.25
334.25
334.25
333.61
333.61
333.61
333.61
333.87
333.87
333.87
333.87
333.42
333.42
333.42
333.57
333.57
333.57
333.57
333.57
333.57
333.57
333.57
333.72
333.19
333.19
332.53
332.53
332.53
332.53
331.89
331.89
331.89
331.89
331.69
331.69
331.69
331.69
331.8
331.8
331.8
331.8
331.21
331.21
331.21
331.21
331.02
331.02
331.02
331.02
330.89
330.89
330.89
330.89
330.92
330.92
330.92
330.92
331.46
331.46
331.46
331.46
21
333.21
333.21
333.21
331.64
331.64
331.64
331.64
335.31
335.31
335.31
335.31
330.49
333.75
333.75
333.75
333.75
333.32
333.32
333.32
333.32
336.55
336.55
336.55
336.55
329.62
328.62
328.62
328.62
328.62
328.62
328.62
328.62
328.62
328.62
328.62
328.62
328.62
37
328.37
328.97
328.97
328.97
328.97
329.87
329.87
329.87
329.87
338.62
338.62
338.62
334.5
334.5
334.5
334.5
334.5
334.5
334.5
333.77
333.79
333.79
333.79
333.07
331.08
331.08
333.93
333.93
333.93
333.93
329.23
329.23
329.23
329.23
335.57
335.57
335.03
325.03
325.03
325.03
325.03
325.03
325.03
325.03
325.03
325.03
325.03
325.03
325.03
60
321.6
321.6
321.6
321.89
321.89
321.89
321.89
322.19
322.19
322.19
322.19
322.57
322.57
322.57
322.57
327.58
327.58
327.58
327.58
325.35
325.35
325.35
325.35
324.41
339.3
339.3
338.62
338.62
338.62
338.62
338.16
338.16
338.16
338.16
337.48
337.48
337.85
338.85
338.85
338.85
338.85
338.85
338.85
338.85
338.85
338.85
338.85
338.85
338.85
338.85
338.85
338.85
338.85
338.14
338.14
338.14
338.14
338.38
338.38
338.38
338.38
334.73
334.73
334.73
334.73
334.73
334.73
334.73
334.73
334.73
334.73
334.73
334.73
334.73
334.73
334.73
334.73
334.73
334.73
334.94
334.94
334.94
334.94
331.07
331.07
331.07
331.07
330.65
330.65
330.65
330.65
334.82
334.82
334.82
334.82
330.89
330.89
330.89
330.89
331.13
331.13
331.13
331.13
331.6
331.6
331.6
331.6
332.23
332.23
332.23
332.23
335.04
335.04
335.04
335.04
335.04
335.04
328.8
328.8
328.8
328.8
326.62
326.62
326.62
326.62
325.36
325.36
325.36
325.36
324
324
324
324
322.53
322.53
322.53
317.48
317.48
317.48
317.48
311.41
311.41
311.41
311.41
309.7
309.7
309.7
309.7
309.05
309.05
309.05
309.05
307.7
307.7
307.7
307.7
306.55
306.55
306.55
306.55
305.42
305.42
305.42
305.42
304.18
304.18
304.18
304.18
303.43
303.43
303.43
303.43
302.23
302.23
302.23
302.23
308.12
308.12
308.12
308.12
308.12
308.12
308.12
308.12
308.12
308.12
308.12
308.12
308.12
308.12
308.12
308.12
308.12
308.12
308.12
303.41
298.81
298.81
298.81
298.81
299.22
299.22
299.22
298.77
298.77
298.77
298.77
298.36
298.36
298.36
298.36
298.12
298.12
298.12
298.12
298.12
298.12
298.12
298.12
298.73
298.73
298.73
298.73
298.93
298.93
298.93
298.93
299.66
299.66
299.66
299.66
300.3
300.3
300.3
300.3
308.52
52
308.52
308.52
308.52
308.52
308.52
308.52
308.52
308.52
308.52
308.52
302.02
302.02
302.02
302.02
302.16
302.16
302.16
302.16
301.11
301.11
301.11
301.11
300.46
300.46
300.46
300.46
299.61
299.61
299.61
299.61
298.29
298.29
298.29
298.29
297.08
297.08
297.08
297.08
296.04
296.04
296.04
296.04
295.22
295.22
295.22
295.22
293.89
293.89
293.89
293.89
292.53
292.53
292.53
292.53
292.53
292.53
292.53
292.53
292.53
292.53
292.53
292.53
292.53
292.53
292.53
289.98
288.85
288.85
288.85
288.14
288.42
288.42
288.42
288.19
288.19
288.19
288.19
287.45
287.45
287.45
287.45
286.94
286.94
286.94
286.94
285.77
285.77
285.77
285.77
285.77
285.77
285.77
285.77
284.77
284.77
284.77
284.77
283.99
283.99
283.99
283.99
283.49
283.49
283.49
283.49
284.45
284.45
284.45
284.45
281.81
281.81
281.81
281.81
281.81
281.81
281.81
281.81
281.81
281.81
281.81
281.81
281.81
281.81
281.81
281.81
281.81
281.81
281.81
281.81
281.81
281.81
281.81
281.81
281.9
281.9
281.9
281.9
281.59
281.59
281.59
281.59
281.8
281.8
281.8
281.8
280.54
280.54
280.54
280.54
280.42
280.42
280.42
280.42
278.93
278.93
278.93
278.93
278.46
278.46
278.46
278.46
277.44
36
275.36
275.36
275.36
275.36
275.36
275.36
275.36
275.36
275.36
275.36
275.36
275.36
275.36
276.3
269.28
269.28
269.28
269.28
268.86
268.86
268.86
267.91
267.91
267.91
267.91
267.2
267.2
267.2
267.2
266.61
266.61
266.61
266.61
265.58
265.58
265.58
265.58
3
226.03
226.03
223.71
223.71
223.71
223.71
221.22
221.22
221.22
221.22
219.34
219.34
219.34
219.34
217.1
217.1
217.1
217.1
214.8
214.8
214.8
214.8
213.66
213.66
213.66
213.66
212.39
212.39
212.39
212.39
212.39
212.39
212.39
212.39
212.39
212.39
212.39
212.39
212.39
212.39
212.39
212.39
212.39
212.39
212.39
212.39
212.39
212.39
212.39
212.39
212.39
212.39
212.39
212.39
202.7
202.7
202.7
202.7
200.25
200.25
200.25
200.25
198.48
198.48
198.48
198.48
196.08
196.08
196.08
196.08
194.8
194.8
194.8
194.8
192.54
192.54
192.54
192.54
190.67
190.67
190.67
190.67
188.36
188.36
188.36
188.36
186.32
186.32
186.32
186.32
184.44
184.44
184.44
184.44
184.44
184.44
184.44
184.44
184.44
184.44
184.44
184.44
184.44
184.44
184.44
184.44
184.44
184.44
184.44
174.38
173.25
173.25
173.25
170.83
170.57
170.57
170.57
167.27
167.27
167.27
167.27
164.78
164.78
164.78
164.78
161.5
161.5
161.5
161.5
157.37
157.37
157.37
157.37
154.03
154.03
154.03
154.03
149.71
149.71
149.71
149.71
146.64
146.64
146.64
146.64
143.96
143.96
143.96
143.96
76.44
76.44
75.51
75.51
75.51
75.51
74.92
74.92
74.92
74.92
74.92
75.03
75.03
75.03
75.03
73.41
73.41
73.41
73.41
73.41
68.91
68.91
68.91
68.91
68.92
68.02
68.02
68.02
68.054
59.54
59.54
57.31
57.31
57.31
57.31
57.31
54.78
54.78
54.78
54.78
52.84
52.84
84.17
44.17
44.17
44.17
44.17
44.17
45.7
45.7
45.7
45.7
45.7
45.7
45.7
45.7
45.7
45.25
45.25
45.25
45.25
45.53
45.53
45.53
45.53
45.53
45.47
45.47
45.47
45.47
46.09
46.09
46.09
46.09
46.09
46.03
46.03
46.03
46.03
46.11
46.11
46.11
46.11
46.11
45.71
45.71
45.71
45.71
45.85
46.2
46.2
46.2
46.2
43.97
43.97
43.97
43.97
43.97
43.97
43.97
43.97
43.97
43.97
43.97
43.97
43.97
43.97
43.97
43.97
43.97
43.97
43.97
43.97
43.97
43.97
43.97
45.64
45.64
45.64
45.64
45.64
45.64
45.64
45.64
45.64
45.42
45.42
45.42
45.42
45.21
45.21
45.21
45.21
45.21
44.36
44.36
44.36
44.36
44.91
44.91
44.91
44.91
44.12
44.12
44.12
44.12
44.12
44.12
44.12
44.12
44.12
44.12
44.12
44.12
44.12
41.66
4
43.98
43.72
43.72
43.72
43.72
43.72
43.72
43.72
43.72
43.72
43.72
43.2
43.2
43.2
0.2
43.2
43.2
43.2
43.2
43.2
43.2
43.2
43.2
43.2
43.09
43.09
43.09
43.09
43.4
49
49
49
49
49
49
49
49
49
49
49
49
49
49
47.65
49.51
49.51
49.51
49.51
49.51
51.2
51.2
51.2
51.2
52.37
52.37
52.37
52.37
52.37
52.37
52.37
52.37
52.37
52.37
52.37
52.37
52.37
52.37
52.37
52.37
52.37
52.37
52.37
52.37
52.37
52.37
52.37
53.36
53.36
53.36
53.36
53.36
53.36
53.36
53.36
53.36
47.92
47.92
47.92
47.92
45.42
45.42
45.42
45.42
45.42
41.71
41.71
41.71
41.71
46.6
46.6
46.6
46.6
46.6
41.37
41.37
41.37
41.37
44.77
44.77
44.77
44.77
44.77
43.74
43.74
43.74
43.74
44.2
44.54
44.54
44.54
44.54
44.17
44.17
44.17
44.17
44.17
44.17
44.17
44.17
44.17
44.17
44.17
44.17
44.17
44.17
44.17
44.17
44.17
44.17
44.17
44.17
44.17
749.86
49.86
49.86
49.86
49.86
51.34
51.34
51.34
51.34
46.38
46.38
46.38
46.38
46.38
50.91
50.91
50.91
50.91
50.8
50.8
50.8
50.8
50.8
49.77
49.77
49.77
49.77
49.88
48.96
48.96
48.96
48.96
47.76
47.76
47.76
47.76
47.76
47.76
47.76
47.76
47.76
47.76
47.76
47.76
47.76
47.76
47.76
47.76
47.76
47.76
47.76
47.76
47.76
47.76
47.76
41.65
41.65
41.65
41.65
41.65
41.65
41.65
41.65
41.65
40.32
40.32
40.32
40.32
39.53
39.53
39.53
39.9
44.99
44.99
44.99
45.77
45.77
45.77
45.77
45.77
45.77
45.77
45.77
45.77
45.88
45.88
45.88
45.88
46.27
46.27
46.27
46.27
46.27
46.27
46.27
46.27
46.27
45.73
45.73
45.73
45.73
45.73
43.22
43.22
43.22
43.22
42.71
39.87
39.87
39.87
39.87
40.65
40.65
40.65
40.65
40.65
40.65
40.65
40.65
40.65
40.65
40.65
40.65
40.65
40.65
40.65
40.65
40.65
40.65
40.65
40.65
40.65
40.65
40.65
44.08
44.08
44.08
44.08
44.08
44.08
44.08
44.08
44.08
3
43.43
43.43
43.55
43.3
43.3
43.3
43.3
41.19
41.19
41.19
41.19
41.19
41.19
41.19
41.19
41.19
41.19
41.19
41.19
41.19
41.19
41.19
41.19
41.19
41.19
41.19
41.19
41.19
488
36.1
36.1
36.1
36.1
36.1
34.85
34.85
34.85
34.85
33.67
33.67
33.67
33.67
67.92
33.92
33.92
33.92
33.92
33.92
33.92
33.92
37.19
37.19
37.19
37.19
37.19
37.19
37.19
37.19
37.19
38.12
38.12
38.12
38.12
37.86
37.86
37.86
37.86
37.86
38.12
38.12
38.12
38.12
37.97
37.97
37.97
37.97
37.97
37.7
37.7
37.7
37.7
37.19
37.19
37.19
37.19
37.19
36.93
36.93
36.93
36.93
36.77
36.26
36.26
36.26
36.26
35.68
35.68
35.68
35.68
35.68
35.68
35.68
35.68
35.68
35.68
35.68
35.68
35.68
35.68
35.68
35.68
35.68
35.68
35.68
35.68
35.68
35.68
35.68
31.93
31.93
31.93
31.93
31.93
31.93
31.93
31.93
31.93
29.72
29.72
29.72
29.72
28.89
28.89
28.89
28.89
28.89
27.6
27.6
27.6
27.6
26.74
26.74
26.74
26.74
26.74
25.87
25.87
25.87
25.87
25.05
25.05
25.05
25.05
25.05
24.65
24.65
24.65
24.65
25.05
25.05
25.05
25.05
25.05
24.44
24.44
24.44
24.44
24.44
24.44
24.44
24.44
24.44
24.44
24.44
24.44
24.44
24.44
24.44
24.44
24.44
24.44
24.44
24.44
24.44
24.44
24.44
24.44
24.44
24.44
24.44
24.44
24.44
24.44
24.44
24.44
27.51
27.51
27.51
27.51
35.41
35.41
35.41
35.57
35.57
35.57
35.57
35.57
35.57
35.57
35.57
35.57
35.57
35.57
35.57
35.57
35.57
35.57
35.57
35.57
35.57
35.57
35.57
35.57
35.57
35.57
35.01
35.01
35.01
35.01
35.01
35.01
35.01
35.01
35.01
33.28
33.28
33.28
33.28
32.48
32.48
32.48
32.48
32.48
31.24
31.24
31.24
31.24
30.22
30.22
30.22
30.22
30.22
29.03
29.03
29.03
29.03
28.23
28.23
28.23
28.23
28.23
27.22
27.22
27.22
27.22
26.65
26.44
26.44
26.44
26.44
26.23
26.23
26.23
26.23
26.23
26.23
26.23
26.23
26.23
26.23
26.23
26.23
26.23
26.23
26.23
26.23
26.23
26.23
26.23
26.23
26.23
26.23
26.23
25.04
25.04
25.04
25.04
25.04
25.04
25.04
25.04
25.04
26.11
26.11
26.11
26.11
26.12
26.12
26.12
26.12
26.12
27.15
27.15
740.36
40.36
40.06
39.22
39.22
39.22
39.22
37.87
37.87
37.87
37.87
37.87
37.87
37.87
37.87
37.87
37.87
37.87
37.87
37.87
37.87
37.87
37.87
37.87
37.87
37.87
37.87
37.87
37.87
37.87
30.1
30.1
30.1
30.1
30.1
30.1
30.1
30.1
30.1
27.73
27.73
27.73
27.73
26.89
26.89
26.89
26.89
26.89
26.27
26.27
26.27
26.27
26.27
26.27
26.27
26.27
26.27
23.22
23.22
23.22
23.22
26.5
26.5
26.5
26.5
26.5
26.72
26.72
26.72
26.72
26.91
27.57
27.57
27.57
27.57
27.54
27.54
27.54
27.54
27.54
27.54
27.54
27.54
27.54
27.54
27.54
27.54
27.54
27.54
27.54
27.54
27.54
27.54
27.54
27.54
27.54
27.54
27.54
34.51
34.51
34.51
34.51
35.43
35.43
35.43
35.43
35.43
36.26
36.26
36.26
36.26
36.67
36.67
36.67
36.67
36.67
37.09
37.09
37.09
37.09
37.5
37.5
37.5
37.5
37.5
37.4
37.4
37.4
37.4
37.45
37.45
37.45
37.45
37.45
37.2
37.2
37.2
37.2
37.5
36.76
36.76
36.76
36.76
36.76
36.76
36.76
36.76
36.76
36.76
36.76
36.76
36.76
36.76
36.76
36.76
36.76
36.76
36.76
36.76
36.76
36.76
36.76
36.76
36.76
36.76
36.76
36.49
36.49
36.49
36.49
37.12
37.1
45.21
45.21
45.21
45.21
45.21
42.05
42.05
42.05
42.05
40.79
40.79
40.79
40.79
40.79
38.61
38.61
38.61
38.61
37.35
37.35
37.35
37.35
37.35
35.31
35.31
35.31
35.31
34.45
34.45
34.45
34.45
34.45
32.72
32.72
32.72
32.72
31.34
31.34
31.34
31.34
31.34
26.43
26
29.96
29.96
29.96
29.96
29.96
29.96
29.96
29.96
29.96
29.96
29.96
29.96
29.96
29.96
29.96
29.96
30.66
30.66
30.66
30.66
32.45
32.45
32.45
32.45
32.45
33.08
33.08
33.08
33.08
34.06
34.06
34.06
34.06
34.06
34.75
34.75
34.75
34.75
35.79
35.79
35.79
35.79
35.79
36.03
36.03
36.03
36.03
37.7
37.7
37.7
37.7
37.7
38.01
38.01
38.01
38.01
36.42
36.42
36.42
36.42
36.42
36.42
36.42
36.42
36.42
36.42
36.42
36.42
42.05
42.05
42.05
42.05
42.05
42.05
42.05
42.05
42.05
42.31
42.31
42.31
42.31
42.05
42.05
42.05
42.05
42.05
41.55
41.55
41.55
41.55
40.56
40.56
40.56
40.56
40.56
39.56
39.56
39.56
39.56
38.6
38.6
38.6
38.6
38.6
37.04
37.04
37.04
37.04
37.04
36.35
36.35
36.35
36.35
35.67
35.67
35.67
35.67
35.67
35.67
35.67
35.67
35.67
35.67
35.67
35.67
35.67
35.67
35.67
35.67
35.67
35.67
35.67
35.67
35.67
35.67
35.67
39.01
39.01
39.01
39.01
65.06
65.06
65.06
65.06
65.06
65.06
65.06
65.06
65.06
65.06
65.06
65.06
65.06
65.06
65.06
65.06
65.06
65.06
65.06
65.06
63.76
63.76
63.76
63.76
63.76
63.76
63.76
63.76
58.02
58.02
58.02
58.02
58.02
58.02
58.02
58.02
58.02
58.02
58.02
58.02
58.02
58.02
58.02
58.02
58.02
55.46
55.46
55.46
55.46
55.46
55.46
55.46
55.46
55.46
54.15
54.15
54.15
54.15
54.15
54.15
54.15
54.15
54.15
53.72
53.72
53.72
53.72
51.21
51.21
51.21
51.21
51.21
49.16
49.16
49.16
49.16
53.11
53.11
53.11
53.11
53.11
52.08
52.08
52.08
52.08
52.08
52.91
52.91
52.91
52.91
52.36
52.36
52.36
52.36
52.36
52.36
52.36
52.36
52.36
52.36
52.36
52.36
52.36
52.36
52.36
52.36
52.36
52.36
52.36
52.36
52.36
52.36
52.36
48.49
48.49
48.49
48.49
47.86
47.86
47.86
47.86
47.86
47.08
47.08
47.08
47.08
46.19
46.19
46.19
46.19
46.19
44.71
44.71
44.71
44.71
44.31
44.31
44.31
44.31
44.31
41.8
41.8
41.8
41.8
41.93
43.45
43.45
43.45
43.45
42.93
42.93
42.93
42.93
42.93
42.93
42.93
42
42.93
42.05
42.05
42.05
42.05
42.05
42.05
42.05
42.05
42.05
41.92
41.92
41.92
41.92
42.05
42.05
42.05
42.05
42.05
42.31
42.31
42.31
42.31
42.31
42.31
42.31
42.31
42.31
42.31
42.31
42.31
42.31
42.31
42.31
42.31
42.31
42.31
40.49
40.49
40.49
40.49
41.03
42.83
42.83
42.83
42.83
43.09
43.09
43.09
43.09
43.09
43.09
43.09
43.09
43.09
43.09
43.09
43.09
43.09
43.09
43.09
43.09
43.09
43.09
43.09
43.09
43.09
43.09
43.09
43.35
43.35
43.35
43.35
43.35
43.35
43.35
43.35
43.35
43.49
43.49
43.49
43.49
43.76
43.76
43.76
43.76
43.76
43.76
43.76
43.76
43.76
44.56
44.56
44.56
44.56
44.56
44.29
44.29
44.29
44.29
45.61
45.61
45.61
45.61
45.61
45.88
45.88
45.88
45.88
46
46.54
46.54
46.54
46.54
42.05
42.05
42.05
42.05
42.05
42.05
42.05
42.05
42.05
42.05
42.05
42.05
42.05
42.05
42.05
42.05
42.05
42.05
42.05
42.05
42.05
42.05
42.05
49.61
49.61
49.61
49.61
49.61
49.61
49.61
49.61
49.61
50.28
50.28
50.28
50.28
50.09
50.09
50.09
50.09
50.09
49.61
49.61
49.61
49.61
49.99
49.99
49.99
49.99
49.99
49.23
49.23
49.23
49.23
48.76
48.76
48.76
48.76
48.76
48.38
48.38
48.38
48.38
48.06
48.06
48.06
48.06
48.06
45.11
45.11
45.11
45.11
45.11
45.11
45.11
45.11
45.11
45.11
45.11
45.11
45.11
45.11
45.11
45.11
45.11
45.11
45.11
45.11
45.11
45.11
45.11
41.79
41.79
41.79
41.79
40.89
40.89
40.89
40.89
40.89
39.34
39.34
39.34
39.34
37.8
37.8
37.8
37.8
37.8
36.12
36.12
36.12
36.12
35.8
35.8
35.8
35.8
35.8
34.85
34.85
34.85
34.85
35.48
35.48
35.48
35.48
35.48
35.24
35.24
35.24
35.24
35.24
35.97
35.97
35.97
35.97
35.97
35.97
35.97
35.97
35.97
35.97
35.97
45.34
45.34
45.34
45.34
46.92
46.92
46.92
46.92
46.92
48.68
48.68
48.68
48.68
50.28
50.28
50.28
50.28
50.28
50.66
50.66
50.66
50.66
51.8
51.8
51.8
51.8
51.8
52.09
52.09
52.09
52.09
52.09
52.09
52.09
52.09
52.09
51.92
51.92
51.92
51.92
51.83
51.24
51.24
51.24
51.24
51.24
51.24
51.24
51.24
51.24
51.24
51.24
51.24
51.24
51.24
51.24
51.24
51.24
51.24
51.24
51.24
51.24
51.24
51.24
51.24
51.24
51.24
51.24
44.2
44.2
44.2
44.2
43.27
43.27
43.27
43.27
43.27
42.73
42.73
42.73
42.73
41.25
41.25
41.25
41.25
41.25
39.91
39.91
39.91
39.91
39.5
39.5
39.5
39.5
39.5
38.98
38.98
38.98
38.98
38.83
38.58
38.58
38.58
38.58
37.65
37.65
37.65
37.65
37.65
37.65
37.65
37.65
37.65
37.65
37.65
37.65
37.65
37.65
37.65
37.65
37.65
37.65
37.65
37.65
37.65
37.65
37.65
38.58
38.58
38.58
38.58
38.58
38.58
38.58
38.58
38.58
40.44
40.44
40.44
40.44
38.91
38.91
38.91
38.91
38.91
42.59
42.59
42.59
42.59
43.65
43.65
43.65
43.65
43.65
44.87
44.87
44.87
44.87
46.04
46.04
46.04
46.04
46.04
47.26
47.26
47.26
47.26
47.37
47.92
47.92
47.92
47.92
48.58
48.58
48.58
48.58
48.58
48.58
48.58
48.58
48.58
48.58
48.58
48.58
48.58
48.58
48.58
48.58
48.58
48.58
48.58
48.58
48.58
48.58
48.58
48.16
48.16
48.16
48.16
48.16
48.16
48.16
48.16
48.16
47.25
47.25
47.25
47.25
46.66
46.66
46.66
46.66
46.66
42.81
42.81
42.81
42.81
45.46
45.46
45.46
45.46
45.46
44.94
44.94
44.94
44.94
44.43
44.43
44.43
44.43
44.43
43.67
43.67
43.67
43.67
43.9
43.9
43.9
43.9
43.9
43.28
43.28
43.28
43.28
43.28
43.28
43.28
43.28
43.28
43.28
43.28
43.28
43.28
43.28
43.28
43.28
43.28
43.28
43.28
43.28
43.28
43.28
43.28
42.05
42.05
42.05
42.05
41.44
41.44
41.44
41.44
41.44
42.42
42.42
42.42
42.42
42.3
42.3
42.3
42.3
42.3
41.93
41.93
41.93
41.93
40.58
40.58
40.58
40.58
40.58
42.43
42.43
42.43
42.43
42.55
43.82
43.82
43.82
43.82
44.08
44.08
44.08
44.08
44.08
44.08
44.08
44.08
44.08
44.08
44.08
44.08
44.08
44.08
44.08
44.08
44.08
44.08
44.08
44.08
44.08
44.08
44.08
49.53
49.53
49.53
49.53
49.53
49.53
49.53
49.53
49.53
51.21
51.21
51.21
51.21
52.63
52.63
52.63
52.63
52.63
51.8
51.8
51.8
51.8
52.63
52.63
52.63
52.63
52.63
50.94
50.94
50.94
50.94
51.78
51.78
51.78
51.78
51.78
51.03
51.03
51.03
51.03
51.03
50.18
50.18
50.18
50.18
48.68
48.68
48.68
48.68
48.68
48.68
48.68
48.68
48.68
48.68
48.68
48.68
48.68
48.68
48.68
48.68
48.68
48.68
48.68
48.68
48.68
48.68
48.68
39.37
39.37
39.37
39.37
39.37
39.37
39.37
39.37
39.37
37.36
37.36
37.36
37.36
38.24
38.24
38.24
38.24
38.24
38.38
38.38
38.38
38.38
38.3
38.3
38.3
38.3
38.3
38.73
38.73
38.73
38.73
39.48
39.48
39.48
39.48
39.48
44.27
44.27
44.27
44.27
44.51
47.47
47.47
47.47
47.47
53.28
53.28
53.28
53.28
53.28
53.28
53.28
53.28
53.28
53.28
53.28
53.28
53.28
53.28
53.28
53.28
53.28
53.28
53.28
53.28
69.93
68.28
68.28
68.28
68.28
69.29
69.29
69.29
69.29
69.29
67.59
67.59
67.59
67.59
67.54
62.91
62.91
62.91
62.91
62.91
62.91
62.91
62.91
62.91
62.91
62.91
62.91
62.91
62.91
62.91
62.91
62.91
62.91
62.91
62.91
62.91
62.91
62.91
62.91
62.91
62.91
62.91
58.93
58.93
58.93
58.93
59.04
59.04
59.04
59.04
59.04
58.43
58.43
58.43
58.43
59.21
59.21
59.21
59.21
59.21
59.05
59.05
59.05
59.05
59.75
59.75
59.75
59.75
59.75
59.85
59.85
59.85
59.85
59.94
60.89
60.89
60.89
60.89
61.29
61.29
61.29
61.29
61.29
61.29
61.29
61.29
61.29
61.29
61.29
61.29
61.29
61.29
61.29
61.29
61.29
61.29
61.29
61.29
61.29
61.29
61.29
64.62
64.62
64.62
64.62
64.62
64.62
64.62
64.62
64.62
65.57
65.57
65.57
65.57
66.48
66.48
66.48
66.48
66.48
66.8
66.8
66.8
66.8
67.41
67.41
67.41
67.41
67.41
67.4
67.4
67.4
67.4
67.71
67.71
67.71
67.71
67.71
67.71
67.71
67.71
67.71
67.71
67.4
67.4
67.4
67.4
67.4
67.4
67.4
67.4
67.4
67.4
67.4
67.4
67.4
67.4
67.4
67.4
67.4
67.4
67.4
67.4
67.4
67.4
67.4
67.4
67.4
67.4
67.4
65.21
65.21
65.21
65.21
65.21
65.21
65.21
65.21
65.21
63.98
63.98
63.98
63.98
63.98
63.98
63.98
63.98
63.98
62.75
62.75
62.75
62.75
63
63
63
63
63
62.41
62.41
62.41
62.41
62.11
62.11
62.11
62.11
62.11
62.41
62.41
62.41
62.41
62.45
62.75
62.75
62.75
62.75
63.03
63.03
63.03
63.03
63.03
63.03
63.03
63.03
63.03
63.03
63.03
63.03
63.03
63.03
63.03
63.03
63.03
63.03
63.03
63.03
63.03
63.03
63.03
64.93
64.93
64.93
64.93
65.85
65.85
65.85
65.85
65.85
65.83
65.83
65.83
65.83
65.83
65.83
65.83
65.83
65.83
66.13
66.13
66.13
66.13
66.75
66.75
66.75
66.75
66.75
67.05
67.05
67.05
67.05
67.04
67.67
67.67
67.67
67.67
67.99
67.99
67.99
67.99
67.99
67.99
67.99
67.99
67.99
67.99
67.99
67.99
67.99
67.99
67.99
67.99
67.99
67.99
67.99
67.99
67.99
67.99
67.99
71.25
71.25
71.25
81.37
81.37
81.37
80.99
80.99
80.99
80.99
81.23
80.87
80.87
80.87
80.87
79.63
79.63
79.63
79.63
79.63
79.63
79.63
79.63
79.63
79.63
79.63
79.63
79.63
79.63
79.63
79.63
79.63
79.63
79.63
79.63
79.63
79.63
79.63
69.44
69.44
69.44
69.44
69.44
69.44
69.44
69.44
69.44
67.43
67.43
67.43
67.43
61.84
61.84
61.84
61.84
61.84
66.68
66.68
66.68
61.08
71.08
71.08
71.08
71.08
71.08
71.08
71.08
71.08
71.08
71.08
71.08
71.08
71.08
71.08
71.08
71.08
71.08
74.02
74.02
74.02
74.02
74.02
74.02
74.02
74.02
74.02
70.71
70.71
70.71
70.71
72.75
72.75
72.75
72.75
72.75
72.11
72.11
72.11
72.11
71.39
71.39
71.39
71.39
71.39
70.7
70.7
70.7
70.7
69.66
69.66
69.66
69.66
69.66
67.92
67.92
67.92
67.92
67.93
67.93
67.93
67.93
67.93
67.59
67.59
67.59
67.59
67.59
67.59
67.59
67.59
67.59
67.59
67.59
67.59
67.59
67.59
67.59
67.59
67.59
67.59
67.59
67.59
67.59
67.59
67.59
69.94
69.94
69.94
69.94
69.94
69.94
69.94
69.94
69.94
71.87
71.87
71.87
71.87
72.45
72.45
72.45
72.45
72.45
73.09
73.09
73.09
73.09
73.75
73.75
73.75
73.75
73.75
74.96
74.96
74.96
74.96
75.27
75.27
75.27
75.27
75.27
74.99
74.99
74.99
74.99
75.03
75.35
75.35
75.35
75.35
75.03
75.03
75.03
75.03
75.03
75.03
75.03
75.03
75.03
75.03
75.03
75.03
75.03
75.03
75.03
75.03
75.03
75.03
75.03
75.03
75.03
75.03
75.03
71.3
71.3
71.3
71.3
70.28
70.28
70.28
70.28
70.28
68.95
68.95
68.95
68.95
67.61
67.61
67.61
67.61
67.61
63.54
63.54
63.54
63.54
64.63
64.63
64.63
64.63
64.63
63.33
63.33
63.33
63.33
63.07
63.07
63.07
63.07
63.07
62.17
62.17
62.17
62.17
62.24
62.24
62.24
62.24
62.24
62.28
62.28
62.28
62.28
62.28
62.28
62.28
62.28
62.28
62.28
62.28
62.28
62.28
62.28
62.28
62.28
62.28
62.28
62.28
62.28
62.28
62.28
62.28
65.29
65.29
65.29
65.29
65.6
65.6
65.6
65.6
65.6
66.22
66.22
66.22
66.22
66.52
66.52
66.52
66.52
66.52
67.12
67.12
67.12
67.12
64.96
64.96
64.96
64.96
64.96
67.72
67.72
67.72
67.72
67.42
67.42
67.42
67.42
67.42
66.51
66.51
66.51
66.51
66.51
66.51
66.51
66.51
66.51
66.51
66.51
66.51
66.51
66.51
66.51
66.51
66.51
66.51
66.51
66.51
66.51
66.51
66.51
66.51
66.51
66.51
66.51
66.51
66.51
66.51
66.51
66.51
63.8
63.8
63.8
63.8
64.05
64.05
64.05
64.05
64.05
63.73
63.73
63.73
63.73
64.31
64.31
64.31
64.31
64.31
64.62
64.62
64.62
64.62
65.52
65.52
65.52
65.52
65.52
62.59
62.59
62.59
62.59
62.69
66.43
66.43
66.43
66.43
67.03
67.03
67.03
67.03
67.03
67.03
67.03
67.03
67.03
67.03
67.03
67.03
67.03
67.03
67.03
67.03
67.03
67.03
67.03
67.03
67.03
67.03
67.03
66.92
66.92
66.92
66.92
66.92
66.92
66.92
66.92
66.92
65.51
65.51
65.51
65.51
64.43
64.43
64.43
64.43
64.43
63.74
63.74
63.74
63.74
63.08
63.08
63.08
63.08
63.08
61.66
61.66
61.66
61.66
61.07
61.07
61.07
61.07
61.07
61.11
61.11
61.11
61.11
61.2
61.2
61.2
61.2
61.2
60.96
60.96
60.96
60.96
60.96
60.96
60.96
60.96
60.96
60.96
60.96
60.96
60.96
60.96
60.96
60.96
60.96
60.96
60.96
60.96
60.96
60.96
60.96
63.56
63.56
63.56
63.56
63.56
63.56
63.56
63.56
63.56
63.96
63.96
63.96
63.96
63.98
63.98
63.98
63.98
63.98
63.67
63.67
63.67
63.67
64.31
64.31
64.31
64.31
64.31
63.06
63.06
63.06
63.06
63.37
63.37
63.37
63.37
63.37
63
63
63
63
62.94
62.31
62.31
62.31
62.31
59.05
59.05
59.05
59.05
59.05
59.05
59.05
59.05
59.05
59.05
59.05
59.05
59.05
59.05
59.05
59.05
59.05
59.05
59.05
59.05
59.05
59.05
59.05
58.14
58.14
58.14
58.14
58.14
58.14
58.14
58.14
58.14
56.09
56.09
56.09
56.09
55.87
55.87
55.87
55.87
55.87
54.74
54.74
54.74
54.74
54.9
54.9
54.9
54.9
54.9
54.18
54.18
54.18
54.18
53.54
53.54
53.54
53.54
53.54
53.3
53.3
53.3
53.3
53.39
53.39
53.39
53.39
53.39
53.39
53.39
53.39
53.39
53.39
53.39
53.39
53.39
53.39
53.39
53.39
53.39
53.39
53.39
53.39
53.39
53.39
53.39
53.39
53.39
53.39
53.39
53.39
55.27
55.27
55.27
55.27
55.27
55.27
55.27
55.27
55.27
55.19
55.19
55.19
55.19
55.04
55.04
55.04
55.04
55.04
53.83
53.83
53.83
53.83
53.01
53.01
53.01
53.01
53.01
51.65
51.65
51.65
51.65
50.57
50.57
50.57
50.57
50.57
48.92
48.92
48.92
48.92
48.82
47.67
47.67
47.67
47.67
46.65
46.65
46.65
46.65
46.65
46.65
46.65
46.65
46.65
46.65
46.65
46.65
46.65
46.65
46.65
46.65
46.65
46.65
46.65
46.65
46.65
46.65
46.65
44.68
44.68
44.68
44.68
44.68
44.68
44.68
44.68
44.68
45.95
45.95
45.95
45.95
46.76
46.76
46.76
46.76
46.76
48.61
48.61
48.61
48.61
49.9
49.9
49.9
49.9
49.9
51.11
51.11
51.11
51.11
52.31
52.31
52.31
52.31
52.31
53.16
53.16
53.16
53.16
53.23
54.08
54.08
54.08
54.08
55.01
55.01
55.01
55.01
55.01
55.01
55.01
55.01
55.01
55.01
55.01
55.01
55.01
55.01
55.01
55.01
55.01
55.01
55.01
55.01
55.01
55.01
55.01
52.51
52.51
52.51
52.51
52.51
52.51
52.51
52.51
52.51
51.02
51.02
51.02
51.02
50.46
50.46
50.46
50.46
50.46
49.44
49.44
49.44
49.44
49.44
49.44
49.44
49.44
49.44
49.06
49.06
49.06
49.06
49.52
49.52
49.52
49.52
49.52
49.24
49.24
49.24
49.24
49.24
50.09
50.09
50.09
50.09
50.56
50.56
50.56
50.56
50.56
50.56
50.56
50.56
50.56
50.56
50.56
50.56
50.56
50.56
50.56
50.56
50.56
50.56
50.56
50.56
50.56
50.56
50.56
49.49
49.49
49.49
49.49
49.49
49.49
49.49
49.49
49.49
52.19
52.19
52.19
52.19
52.01
52.01
52.01
52.01
52.01
51.4
51.4
51.4
51.4
51.4
51.4
51.4
51.4
51.4
50.99
49.27
48.96
48.96
48.96
48.96
48.96
48.96
48.96
48.96
48.96
48.96
48.96
48.96
48.96
48.96
48.96
48.96
48.96
48.96
48.96
48.96
48.96
48.96
48.96
49.49
49.49
49.49
49.49
49.49
49.49
49.49
49.49
49.49
50.78
50.78
50.78
50.78
51.47
51.47
51.47
51.47
51.47
52.16
52.16
52.16
52.16
52.71
52.71
52.71
52.71
52.71
53.61
53.61
53.61
53.61
54.65
54.65
54.65
54.65
54.65
54.73
54.73
54.73
54.73
54.8
55.1
55.1
55.1
55.1
55.17
55.17
55.17
55.17
55.17
55.17
55.17
55.17
55.17
55.17
55.17
55.17
55.17
55.17
55.17
55.17
55.17
55.17
55.17
55.17
55.17
55.17
55.17
54.29
54.29
54.29
54.29
55.24
55.24
55.24
55.24
55.24
55.53
55.53
55.53
55.53
52.5
52.5
52.5
52.5
52.5
58.15
58.15
58.15
58.15
60.57
60.57
60.57
60.57
60.57
63.59
63.59
63.59
63.59
66.39
66.39
66.39
66.39
66.39
68.62
68.62
68.62
68.62
68.62
71.94
71.94
71.94
71.94
74.39
74.39
74.39
74.39
74.39
0.39
74.39
74.39
74.39
82.27
82.27
82.27
82.27
83.55
83.55
83.55
83.55
83.55
83.09
83.09
83.09
83.09
83.75
83.75
83.75
83.75
83.75
74.79
74.79
74.79
74.79
83.01
83.01
83.01
83.01
83.01
80.92
80.92
80.92
80.92
78.59
78.59
78.59
78.59
78.59
76.67
76.67
76.67
76.67
76.45
74.9
74.9
74.9
74.9
74.9
74.9
74.9
74.9
74.9
74.9
74.9
74.9
74.9
74.9
74.9
74.9
74.9
74.9
74.9
74.9
74.9
74.9
74.9
74.9
74.9
74.9
74.9
69.93
69.93
69.93
69.93
70.71
70.71
70.71
70.71
70.71
70.62
70.62
70.62
70.62
71.32
71.32
71.32
71.32
71.32
72.26
72.26
72.26
72.26
70.07
70.07
70.07
70.07
70.07
68.97
74.39
74.39
77.59
77.59
77.59
77.59
77.59
77.59
77.59
77.59
77.59
75.78
75.78
75.78
75.78
74.86
74.86
74.86
74.86
74.86
73.7
73.7
73.7
73.7
72.79
72.79
72.79
72.79
72.79
71.03
71.03
71.03
71.03
69.82
69.82
69.82
69.82
69.82
65.18
65.18
65.18
65.18
65.23
61.87
61.87
61.87
61.87
62.41
62.41
62.41
62.41
62.41
62.41
62.41
62.41
62.41
62.41
62.41
62.41
62.41
62.41
62.41
62.41
62.41
62.41
62.41
62.41
62.41
62.41
62.41
58.04
58.04
58.04
58.04
58.04
58.04
58.04
58.04
58.04
57.19
57.19
57.19
57.19
56.95
56.95
56.95
56.95
56.95
57.55
57.55
57.55
57.55
57.55
57.55
57.55
57.55
57.55
58.45
58.45
58.45
58.45
59
59
59
59
59
58.59
58.59
58.59
58.59
58.75
62.11
62.11
62.11
62.11
61.06
61.06
61.06
61.06
61.06
61.06
61.06
61.06
61.06
61.06
61.06
61.06
61.06
61.06
61.06
61.06
61.06
61.06
61.06
61.06
61.06
61.06
61.06
71.26
71.26
71.26
71.26
71.26
71.26
71.26
71.26
71.26
73.38
73.38
73.38
73.38
74.46
74.46
74.46
74.46
74.46
75.27
75.27
75.27
75.27
76.35
76.35
76.35
76.35
76.35
77.15
77.15
77.15
77.15
76.95
76.95
76.95
76.95
76.95
77.11
77.11
77.11
77.11
77.33
74.33
74.33
74.33
74.33
73.32
73.32
73.32
73.32
73.32
73.32
73.32
73.32
73.32
73.32
73.32
73.32
73.32
73.32
73.32
73.32
73.32
73.32
73.32
73.32
73.32
73.32
73.32
76.42
76.42
76.42
76.42
76.42
76.42
76.42
76.42
76.42
76.24
76.24
76.24
76.24
75.44
75.44
75.44
75.44
75.44
75.44
75.44
75.44
75.44
75.84
75.84
75.84
75.84
75.84
76.75
76.75
76.75
76.75
77.03
77.03
77.03
77.03
77.03
78.14
78.14
78.14
78.14
78.34
79.53
79.53
79.53
79.53
77.95
77.95
77.95
77.95
77.95
77.95
77.95
77.95
77.95
77.95
77.95
77.95
77.95
77.95
77.95
77.95
77.95
77.95
77.95
77.95
77.95
77.95
77.95
84.1
84.1
84.1
84.1
84.46
84.46
84.46
84.46
84.46
84.82
84.82
84.82
84.82
85.28
85.28
85.28
85.28
85.28
85.39
85.39
85.39
85.39
84.77
84.77
84.77
84.77
84.77
84.24
84.24
84.24
84.24
83.12
83.12
83.12
83.12
83.12
81.99
81.99
81.99
81.99
81.99
80.46
80.46
80.46
80.46
78.47
78.47
78.47
78.47
78.47
78.47
78.47
78.47
78.47
78.47
78.47
78.47
78.47
78.47
78.47
78.47
78.47
78.47
78.47
78.47
78.47
78.47
78.47
71.27
71.27
71.27
71.27
70.86
70.86
70.86
70.86
70.86
70.45
70.45
70.45
70.45
69.34
69.34
69.34
69.34
69.34
68.97
68.97
68.97
68.97
67.92
67.92
67.92
67.92
67.92
67.24
67.24
679.77
59.77
59.77
59.77
59.77
59.1
59.1
59.1
59.1
57.31
57.31
57.31
57.31
57.31
56.39
56.39
56.39
56.39
55.62
55.62
55.62
55.62
55.62
54.65
54.65
54.65
54.65
54.73
54.14
54.14
54.14
54.14
52.5
52.5
52.5
52.5
52.67
52.09
52.09
52.09
52.09
52.09
52.09
52.09
52.09
52.09
52.09
52.09
52.09
52.09
52.09
52.09
52.09
52.09
52.09
52.09
52.09
52.09
52.09
52.09
52.09
52.09
52.09
52.09
43.22
43.22
43.22
43.22
43.08
43.08
43.08
43.08
43.08
43.7
43.7
43.7
43.7
45.64
45.64
45.64
45.64
45.64
45.49
45.49
45.49
45.49
45.76
45.76
45.76
45.76
45.76
46.5
46.5
46.5
46.5
46.61
47.13
47.13
47.13
47.13
47.23
47.23
47.23
47.23
47.23
47.23
47.23
47.23
47.23
47.23
47.23
47.23
47.23
47.23
47.23
47.23
47.23
47.23
47.23
47.23
47.23
47.23
47.23
48.75
48.75
48.75
48.75
48.75
48.75
48.75
48.75
48.75
47.5
47.5
47.5
47.5
44.06
44.06
44.06
44.06
44.06
45.08
45.08
45.08
45.08
43.96
43.96
43.96
43.96
43.96
42.81
42.81
42.81
42.81
41.03
41.03
41.03
41.03
41.03
40.01
40.01
40.01
40.01
39.59
38.59
38.59
38.59
38.59
37.65
37.65
37.65
37.65
37.65
37.65
37.65
37.65
37.65
37.65
37.65
37.65
37.65
37.65
37.65
37.65
37.65
37.65
37.65
37.65
37.65
37.65
37.65
35.52
35.52
35.52
35.52
35.52
35.52
35.52
35.52
35.52
34.75
34.75
34.75
34.75
34.93
34.93
34.93
34.93
34.93
35.02
35.02
35.02
35.02
35.11
35.11
35.11
35.11
35.11
35.92
35.92
35.92
35.92
36.02
36.02
36.02
36.02
36.02
36.58
36.58
36.58
36.58
36.4
36.97
36.97
36.97
36.97
36.5
36.5
36.5
36.5
36.5
36.5
36.5
36.5
36.5
36.5
36.5
36.5
36.5
36.5
36.5
36.5
36.5
36.5
36.5
36.5
36.5
36.5
36.5
39.24
39.24
39.24
39.24
39.24
39.24
39.24
39.24
39.24
39.88
39.88
39.88
39.88
40.34
40.34
40.34
40.34
40.34
40.49
40.49
40.49
40.49
40.92
40.92
40.92
40.92
40.92
38.99
38.99
38.99
38.99
40.54
40.54
40.54
40.54
40.54
42.33
42.33
42.33
42.33
42.6
42.88
42.88
42.88
42.88
43.69
43.69
43.69
43.69
43.69
43.69
43.69
43.69
43.69
43.69
43.69
43.69
43.69
43.69
43.69
43.69
43.69
43.69
43.69
43.69
43.69
43.69
43.69
46.59
46.59
46.59
46.59
47.73
47.73
47.73
47.73
47.73
48.02
48.02
48.02
48.02
49.3
49.3
49.3
49.3
49.3
47.88
47.88
47.88
47.88
47.28
47.28
47.28
47.28
47.28
48.77
48.77
48.77
48.77
48.98
53.25
53.25
53.25
53.25
54.74
54.74
54.74
54.74
54.74
54.74
54.74
54.74
54.74
54.74
54.74
54.74
54.74
54.74
54.74
54.74
54.74
54.74
54.74
54.74
54.74
54.74
54.74
62.16
62.16
62.16
62.16
62.16
62.16
62.16
62.16
62.16
64.85
64.85
64.85
64.85
66.2
66.2
66.2
66.2
66.2
67.23
67.23
67.23
67.23
68.62
68.62
68.62
68.62
68.62
69.32
69.32
69.32
69.32
67.54
67.54
67.54
67.54
67.54
72.13
72.13
72.13
72.13
72.13
73.53
73.53
73.53
73.53
74.92
74.92
74.92
74.92
74.92
74.92
74.92
74.92
74.92
74.92
74.92
74.92
74.92
74.92
74.92
74.92
74.92
74.92
74.92
74.92
74.92
74.92
74.92
83.24
83.24
83.24
83.24
83.24
83.24
83.24
83.24
83.24
87.27
87.27
87.27
87.27
89.13
89.13
89.13
89.13
89.13
91
91
91
91
92.83
92.83
92.83
92.83
92.83
93.59
93.59
93.59
93.59
95.02
95.02
95.02
95.02
95.02
95.35
95.35
95.35
95.35
96.02
96.02
96.02
96.02
96.02
93.9
93.9
93.9
93.9
93.9
93.9
93.9
93.9
93.9
93.9
93.9
93.9
93.9
93.9
93.9
93.9
93.9
93.9
93.9
93.9
93.9
93.9
93.9
95.38
95.38
95.38
95.38
95.38
95.38
95.38
95.38
95.38
93.74
93.74
93.74
93.74
92.91
92.91
92.91
92.91
92.91
91.45
91.45
91.45
91.45
91.63
91.63
91.63
91.63
91.63
89.55
89.55
89.55
89.55
89.23
89.23
89.23
89.23
89.23
89.12
89.12
89.12
89.12
88.8
86.17
86.17
86.17
86.17
88.45
88.45
88.45
88.45
88.45
88.45
88.45
88.45
88.45
88.45
88.45
88.45
88.45
88.45
88.45
88.45
88.45
88.45
88.45
88.45
88.45
88.45
88.45
91.15
91.15
91.15
91.15
92.66
92.66
92.66
92.66
92.66
93.86
93.86
93.86
93.86
95.02
95.02
95.02
95.02
95.02
96.46
96.46
96.46
96.46
96.89
96.89
96.89
96.89
96.89
98.45
98.45
98.45
98.45
99.82
99.82
99.82
99.82
99.82
100.11
100.11
100.11
100.11
100.11
100.11
100.11
100.11
101.42
101.42
101.42
101.42
101.61
101.61
101.61
101.61
102
102
102
102
97.82
97.82
97.82
97.82
101.12
101.12
101.12
101.12
99.16
99.16
99.16
99.16
99.16
97.59
97.59
97.59
97.59
95.37
95.37
95.37
95.37
95.37
93.86
93.86
93.86
93.86
92.2
92.2
92.2
92.2
92.2
90.95
90.95
90.95
90.95
90.95
91.33
91.33
91.33
91.33
91.97
91.97
91.97
91.97
91.97
91.97
91.97
91.97
91.97
91.97
91.97
91.97
91.97
91.97
91.97
91.97
91.97
91.97
91.97
91.97
91.97
91.97
91.97
97.29
97.29
97.29
97.29
103.11
103.11
103.11
103.11
105.84
105.84
105.84
105.84
108.38
108.38
108.38
108.38
111.37
111.37
111.37
111.37
113.87
113.87
113.87
113.87
113.87
113.87
113.87
113.87
113.87
113.87
113.87
113.87
113.87
113.87
113.87
113.87
113.87
113.87
113.87
113.87
113.87
113.87
113.87
113.87
132.21
132.21
132.21
132.21
134.8
134.8
134.8
134.8
137.29
137.29
137.29
137.29
140.66
140.66
140.66
140.66
142.06
142.06
142.06
142.06
491.2
151.2
151.2
152.71
152.71
152.71
152.71
154.28
154.28
154.28
154.28
154.28
154.28
154.28
154.28
154.28
154.28
154.28
154.28
154.28
154.28
154.28
160.59
160.61
160.61
160.61
162.19
162.17
162.17
162.17
164.06
164.06
164.06
164.06
164.79
164.79
164.79
164.79
165.88
165.88
165.88
165.88
167.45
167.45
167.45
167.45
168.58
168.58
168.58
168.58
170.23
170.23
170.23
170.23
170.98
170.98
170.98
170.98
171.61
171.61
171.61
171.61
171.7
171.7
171.7
171.7
171.97
171.97
171.97
171.97
171.97
171.97
171.97
171.97
171.97
171.97
171.97
171.97
171.97
171.97
171.97
171.97
171.97
171.97
171.97
171.97
171.97
171.97
171.97
171.97
168.54
168.54
168.54
168.54
168.71
168.71
168.71
168.71
167.67
167.67
167.67
167.67
167.67
167.67
167.67
167.67
167.32
167.32
167.32
167.32
166.31
166.31
166.31
166.31
168.87
168.87
168.87
168.87
169.61
169.61
169.61
169.61
167.17
167.17
167.17
167.17
167.44
167.44
167.44
167.44
167.84
167.84
167.84
167.84
167.84
167.84
167.84
167.84
167.84
167.84
167.84
167.84
167.84
167.84
167.84
173.46
172.55
172.55
172.55
173.83
173.6
173.6
173.6
175.84
175.84
175.84
175.84
177.05
177.05
177.05
177.05
178.49
178.49
178.49
178.49
180.8
180.8
180.8
180.8
182.66
182.66
182.66
182.66
187.79
187.79
189.66
239.66
239.66
239.66
239.66
239.66
239.66
239.66
239.66
239.66
239.66
244.19
244.19
244.19
244.19
246.26
246.26
246.26
246.26
246.26
246.26
246.26
246.26
247.61
247.61
247.61
247.61
248.62
248.62
248.62
248.62
250.6
250.6
250.6
250.6
251.56
251.56
251.56
251.56
252.54
252.54
252.54
252.54
256.84
256.84
256.84
256.84
255.14
255.14
255.14
255.14
256.34
256.34
256.34
256.34
256.34
256.34
256.34
256.34
256.34
256.34
256.34
256.34
256.34
256.34
256.34
256.34
256.34
256.34
256.34
256.3
262.5
262.5
262.5
262.58
263.18
263.18
263.18
264.86
264.86
264.86
264.86
265.56
265.56
265.56
265.56
265.95
265.95
265.95
265.95
266.95
266.95
266.95
266.95
267.95
267.95
267.95
267.95
268.16
268.16
268.16
268.16
271.45
271.45
271.45
271.45
274.5
274.5
274.5
274.5
271.14
271.14
271.14
271.14
271.14
271.14
271.14
271.14
271.14
271.14
271.14
271.14
271.14
271.14
271.14
271.14
271.14
271.14
271.14
271.14
271.14
271.14
271.14
271.14
271.14
271.14
271.14
271.14
280.69
280.69
280.69
280.69
282.22
282.22
282.22
282.22
283.45
283.45
283.45
283.45
285.17
285.17
285.17
285.17
286.6
286.6
286.6
286.6
287.52
287.52
287.52
287.52
288.85
288.85
288.85
288.85
290.35
290.35
290.35
290.35
290.2
290.2
290.2
290.2
292.18
292.18
292.18
292.18
292.18
292.18
292.18
292.18
292.18
292.18
292.18
292.18
292.18
292.18
292.18
292.18
292.18
292.18
292.18
292.58
292.37
292.37
292.37
292.37
292.37
292.37
292.37
292.58
292.58
292.58
292.58
292.79
292.79
292.79
292.79
293.2
293.2
293.2
293.2
293.62
293.62
293.62
293.62
294.23
294.23
294.23
294.23
294.62
294.62
294.62
294.62
295.4
295.4
295.4
295.4
296.38
296.38
296.38
296.38
297.73
297.73
297.73
297.73
298.78
298.78
298.78
298.78
298.78
298.78
298.78
298.78
298.78
298.78
298.78
298.78
298.78
298.78
298.78
298.78
298.78
298.78
298.78
298.78
298.78
298.78
298.78
298.78
301.85
301.85
301.85
301.85
302.7
302.7
302.7
302.7
303.34
303.34
303.34
303.34
303.95
303.95
303.95
303.95
304.43
304.43
304.43
304.43
305.56
305.56
305.56
305.56
306.28
306.28
306.28
309.79
309.79
309.79
309.79
309.79
309.79
309.79
310.97
310.97
310.97
310.97
310.5
310.5
310.5
310.5
309.79
309.79
309.79
309.79
309.46
309.46
309.46
309.46
308.55
308.55
308.55
308.55
308.14
308.14
308.14
308.14
307.04
307.04
307.04
307.04
305.84
305.84
305.84
305.84
306.53
306.53
306.53
306.53
305.82
305.82
305.82
305.82
305.54
305.54
305.54
305.54
305.54
305.54
305.54
305.54
305.54
305.54
305.54
305.54
305.54
305.54
305.54
305.54
305.54
305.54
305.54
305.54
305.54
305.54
305.54
305.54
306.66
306.66
306.66
306.66
307.2
307.2
307.2
307.2
307.94
307.94
307.94
307.94
308.27
308.27
308.27
308.27
308.81
308.81
308.81
308.81
309.87
309.87
309.87
309.87
310.63
310.63
310.63
310.63
311.17
311.17
311.17
311.17
311.73
311.73
311.73
311.73
311.94
311.94
311.94
311.94
313.42
313.42
313.42
313.42
313.42
313.42
313.42
313.42
313.42
313.42
313.42
313.42
313.42
313.42
313.42
314.27
312.39
312.39
312.39
312.39
312.17
312.17
312.17
312.17
312.17
312.17
312.17
312.17
312.17
312.17
312.17
312.39
312.39
312.39
312.39
312.51
312.51
312.51
312.51
313.31
313.31
313.31
313.31
313.66
313.66
313.66
313.66
314.47
314.47
314.47
314.47
31
317.34
317.34
317.34
317.34
317.34
317.34
317.34
317.34
317.34
317.34
317.34
317.34
31
320.1
320.1
319.88
319.88
319.88
319.88
319.88
319.88
319.88
319.88
319.45
319.45
31
319.82
320.04
320.04
320.04
320.04
320.32
320.32
320.32
320.32
320.39
320.39
320.39
320.39
320.39
320.39
320.39
320.39
320.39
320.39
320.39
320.39
320.39
320.39
320.39
320.39
320.39
320.39
320.39
323.77
322.61
322.61
322.61
323.07
322.87
322.87
322.87
323.8
323.8
323.8
323.8
323.85
323.85
323.85
323.85
323.59
323.59
323.59
323.59
323.89
323.89
323.89
323.89
323.43
323.43
323.43
323.43
323.43
323.43
323.43
323.43
323.36
323.36
323.36
323.36
322.35
322.35
322.35
322.35
322.4
322.4
322.4
322.4
322.4
322.4
408.87
318.87
318.87
318.87
318.95
318.95
318.95
318.95
319.38
319.38
319.38
319.38
601.11
321.11
321.11
321.11
321.11
321.11
321.11
321.11
321.11
321.11
324.64
323.87
323.87
323.87
324.58
324.52
324.52
324.52
324.94
324.94
324.94
324.94
325.6
325.6
325.6
325.6
325.79
325.79
325.79
325.79
325.79
325.79
325.79
325.79
325.73
325.73
325.73
325.73
325.25
325.25
325.25
325.25
325
325
325
325
324.34
324.34
324.34
324.34
32
323.11
323.11
323.11
323.11
323.11
323.11
323.11
323.11
323.11
323.11
323.11
323.11
323.11
323.11
323.11
320.33
320.33
320.33
320.33
320.41
320.41
320.41
320.41
320.56
320.56
320.56
320.56
320.56
320.56
320.56
320.56
320.85
320.85
320.85
320.85
321.08
321.08
321.08
321.08
321.23
321.23
321.23
321.23
321.39
321.39
321.39
321.39
321.85
321.85
321.85
321.85
322.01
322.01
322.01
322.01
322.01
322.01
322.01
322.01
322.01
322.01
322.01
322.01
322.01
322.01
322.01
322.01
322.01
322.01
322.01
321.32
322.07
322.07
322.07
313
323
323
322.84
322.84
322.84
322.84
323.23
323.23
323.23
323.23
323.11
114.04
324.04
324.04
324.04
324.04
324.04
324.04
324.04
324.04
324.04
324.04
324.04
324.04
324.04
324.04
324.04
324.04
324.04
324.04
324.04
324.04
324.04
323.08
323.08
323.08
323.08
322.37
322.37
322.37
322.37
321.18
321.18
321.18
321.18
320.56
320.56
320.56
320.56
319.66
319.66
319.66
319.66
318.79
318.79
318.79
318.79
318.01
318.01
318.01
318.01
317.95
317.95
317.95
317.95
317.85
317.85
317.85
317.85
318.22
318.22
318.22
318.22
318.22
318.22
318.22
318.22
318.22
318.22
318.22
318.22
318.22
318.22
318.22
318.22
318.22
318.22
318.22
320.97
321.5
321.5
321.5
321.92
322.29
322.29
322.29
323.72
323.72
323.72
323.72
325.09
325.09
325.09
325.09
325.3
325.3
325.3
325.3
326.06
326.06
326.06
326.06
326.34
326.34
326.34
326.34
326.84
326.84
326.84
326.84
326.94
326.94
326.94
326.94
326.66
326.66
326.66
326.66
326.77
326.77
326.77
326.77
326.77
326.77
326.77
326.77
326.77
326.77
326.77
326.77
326.77
326.77
326.77
326.77
326.77
326.77
326.77
326.77
326.77
326.77
326.77
326.77
323.09
323.09
323.09
323.09
321.05
321.05
321.05
321.05
321.38
321.38
321.38
321.38
321.66
321.66
321.66
321.66
320.75
320.75
320.75
320.75
320.74
320.74
324.21
324.21
324.21
324.21
324.21
324.21
324.21
324.21
324.21
324.21
324.21
324.21
332.74
332.74
332.74
332.22
332.22
332.22
332.22
331.76
331.76
331.76
331.76
331.46
331.46
331.46
331.46
331.01
331.01
331.01
331.01
331.01
331.01
331.01
331.01
331.01
331.01
331.01
331.01
331.01
331.01
331.01
331.01
331.01
331.01
331.01
331.01
331.01
331.01
15.4
325.1
325.1
325.1
325.1
324.7
324.7
324.7
324.7
324.35
324.35
324.35
324.35
323.76
323.76
323.76
323.76
323.7
323.7
323.7
323.7
323.47
323.47
323.47
323.47
323.4
323.4
323.4
323.4
323.4
323.4
323.4
323.4
323.4
323.4
323.4
323.4
323.4
321.5
320.95
320.95
320.95
320.95
321.01
321.01
321.01
321.01
321.61
321.61
321.61
321.61
321.9
321.9
321.9
321.9
322.02
322.02
322.02
322.02
322.83
322.83
322.83
322.83
323.1
323.1
323.1
323.1
323.1
323.1
323.1
323.1
323.1
323.1
323.1
323.1
32
325.77
325.77
325.77
326.03
326.03
326.03
326.03
325.82
325.82
325.82
325.82
325.92
325.92
325.92
325.92
325.48
325.48
325.48
325.48
324.85
324.85
324.85
324.85
324.04
324.04
317.15
317.15
317.15
317.08
317.08
317.08
317.08
317.71
317.71
317.71
317.71
317.95
31
323.97
324.52
324.52
324.52
324.52
325.04
325.04
325.04
325.04
325.57
325.57
325.57
325.57
324.58
324.58
324.58
324.58
325.95
325.95
325.95
325.95
325.87
325.87
325.87
325.87
325.35
325.35
322.56
321.97
321.97
321.97
321.45
321.45
321.45
321.45
320.6
320.6
320.6
320.6
319.28
319.28
319.28
319.28
317.94
317.94
317.94
317.94
317.44
317.44
317.44
317.44
316.33
316.33
316.33
316.33
315.42
315.42
315.42
315.42
315.15
315.15
315.15
31
313.83
313.83
313.83
313.83
313.83
313.83
313.83
313.83
313.83
313.83
313.83
313.83
313.83
313.83
313.83
313.83
313.83
313.83
313.83
313.83
315.96
315.96
315.96
315.96
316.73
316.73
316.73
316.73
317.6
317.6
317.6
317.6
318.39
318.39
318.39
318.39
320.03
320.03
320.03
320.03
320.64
320.64
320.64
320.64
321.71
321.71
321.71
321.71
322.4
322.4
322.4
322.4
323.28
323.28
323.28
323.28
323.45
323.45
323.45
323.45
324.4
324.4
324.4
324.4
324.4
324.4
324.4
324.4
324.4
324.4
324.4
324.4
324.4
324.4
402.81
322.81
322.81
322.81
322.81
322.81
322.18
322.18
322.18
322.18
322.26
322.26
322.26
322.26
322.81
322.81
322.81
322.81
322.88
322.88
322.88
322.88
326.98
326.98
326.98
32
322.88
322.88
322.88
322.88
322.47
322.47
322.47
322.47
321.92
321.92
321.92
321.92
321.92
321.92
321.92
321.92
321.92
321.92
321.92
321.92
321.92
321.92
321.92
321.92
321.92
321.8
328.58
328.58
328.58
328.58
327.08
327.08
327.08
327.08
323.21
323.21
323.21
323.21
323.75
323.75
323.75
323.75
324.58
324.58
324.58
324.58
324.52
324.52
324.52
324.52
324.52
324.52
324.52
324.52
324.52
324.52
324.52
324.52
324.52
324.52
324.52
324.52
324.52
324.52
324.52
324.52
324.52
324.52
324.52
324.52
324.52
324.52
324.52
324.52
323.51
323.51
323.51
323.51
322.74
322.74
322.74
322.74
322.57
322.57
322.57
322.57
322.1
322.1
322.1
322.1
321.64
321.64
321.64
321.64
320.87
320.87
320.87
320.87
320.95
320.95
320.95
320.95
320.1
320.1
320.1
320.1
320.18
320.18
320.18
320.18
320.03
320.03
320.03
320.03
320.03
320.03
320.03
320.03
320.03
320.03
320.03
320.03
320.03
320.03
320.03
320.03
320.03
320.03
320.03
319.8
319.96
319.96
319.96
319.73
319.81
319.81
319.81
32
324.91
324.91
324.91
321.08
321.08
321.08
321.08
321.53
321.53
321.53
321.53
321.92
321.92
321.92
321.92
322.31
322.31
322.31
322.31
323
323
323
323
323
323
323
323
323
323
323
323
323
323
323
323
323
323
323
323
323
323
323
323
323
323
323
323
325.18
325.18
325.18
325.18
325.53
325.53
325.53
325.53
325.29
325.29
325.29
325.29
325.17
325.17
325.17
325.17
325.51
325.51
325.51
325.51
331.49
331.49
331.49
331.49
325.39
325.39
325.39
325.39
325.39
325.39
325.39
325.39
325.5
325.5
325.5
325.5
325.78
325.78
325.78
325.78
325.78
325.78
325.78
325.78
325.78
325.78
325.78
325.78
325.78
325.78
325.78
325.78
325.78
325.78
325.78
326.47
326.81
326.81
326.81
327.04
327.08
327.08
327.08
327.35
327.35
327.35
327.35
327.17
327.17
327.17
327.17
327.22
327.22
327.22
327.22
327.04
327.04
327.04
327.04
327
327
327
327
327.26
327.26
327.26
327.26
327.26
327.26
327.26
327.26
327.75
327.75
327.75
327.75
327.93
327.93
327.93
327.93
327.93
327.93
327.93
327.93
338.62
338.62
334.05
334.05
334.05
334.05
332.3
332.3
332.3
332.3
332.3
332.3
332.3
332.3
332.3
332.3
332.3
332.3
332.3
332.3
332.3
332.3
332.3
332.3
304.47
324.47
324.47
327.64
327.64
327.64
327.64
327.64
327.64
327.64
327.64
327.64
647.64
327.64
329.36
329.36
329.36
329.36
329.15
329.15
329.15
329.15
328.9
328.9
903.74
313.74
313.74
313.74
313.74
313.74
313.74
313.74
313.74
313.51
313.4
313.4
313.4
313.63
313.63
313.63
313.63
313.29
313.29
313.29
313.29
313.42
313.42
313.42
313.42
312.41
312.41
312.41
317.67
317.67
317.67
317.67
317.67
317.67
317.67
317.67
317.67
317.67
317.67
317.67
317.67
317.67
317.67
317.67
317.67
317.67
317.67
317.67
317.67
317.67
317.67
317.67
310.15
310.15
310.15
310.15
310.05
310.05
310.05
310.05
309.74
309.74
309.74
309.74
309.41
309.41
309.41
309.41
309.41
309.41
309.41
309.41
309.81
309.81
309.81
309.81
310.27
310.27
310.27
310.27
313.81
313.81
313.81
313.81
315.42
315.42
315.42
315.42
317.93
317.93
317.93
317.93
316.68
316.68
316.68
316.68
316.68
316.68
316.68
316.68
316.68
316.68
316.68
316.68
316.68
316.68
316.68
316.68
316.68
316.68
316.68
317.12
315.65
315.65
315.65
315.88
315.68
315.68
315.68
316.02
316.02
316.02
316.02
315.82
315.82
315.82
315.82
315.15
315.15
315.15
315.15
314.71
314.71
314.71
314.71
314.24
314.24
314.24
314.24
313.77
313.77
313.77
313.77
312.97
312.97
312.97
312.97
317
317
317
317
311.6
311.6
311.6
311.6
311.5
311.5
311.5
311.5
311.5
311.5
311.5
311.5
311.5
311.5
311.5
311.5
311.5
311.5
311.5
311.5
311.5
311.5
311.5
311.5
311.5
311.5
311.5
311.5
314.31
314.31
314.31
314.31
315.74
315.74
315.74
315.74
316.46
316.46
316.46
316.46
317.63
317.63
317.63
317.63
318.8
318.8
318.8
318.8
319.56
319.56
319.56
319.56
320.65
320.65
320.65
320.65
325.22
325.22
325.22
325.22
321.38
321.38
321.38
321.38
321.16
321.16
321.16
321.16
325.4
325.4
325.4
325.4
325.4
325.4
325.4
325.4
325.4
325.4
325.4
325.4
325.4
325.4
325.4
321.46
319.6
319.6
319.6
319.35
319.44
319.44
319.44
318.7
318.7
318.7
318.7
318.03
318.03
318.03
318.03
317.88
317.88
317.88
317.88
317.01
317.01
317.01
317.01
316.72
316.72
316.72
316.72
316.44
316.44
316.44
316.44
316.02
316.02
316.02
316.02
316.07
316.07
316.07
316.07
321.62
327.38
317.84
317.84
317.84
317.84
318.14
318.14
318.14
318.14
318.71
318.71
318.71
318.71
323.3
323.3
323.3
323.3
324.83
324.83
324.83
324.83
324.83
324.83
324.83
324.83
324.83
324.83
324.83
324.83
324.83
324.83
324.83
324.83
324.83
324.83
324.83
326.25
296.36
326.36
326.95
326.95
326.95
326.95
327.31
327.31
327.31
327.31
327.46
327.46
327.46
327.46
326.99
326.99
326.99
326.99
326.88
326.88
326.88
326.88
326.24
326.24
326.24
326.24
325.97
325.97
325.97
325.97
325.97
325.97
325.97
325.97
325.97
325.97
325.97
325.97
325.97
325.97
325.97
325.97
325.97
325.97
325.97
325.97
325.97
325.97
325.97
325.97
314.4
324.4
324.4
324.4
324.34
324.34
324.34
324.34
324
324
324
324
822.38
322.38
322.38
322.38
322.38
322.38
322.38
322.38
322.38
322.38
322.38
322.38
322.38
322.38
322.38
322.38
322.38
322.38
322.38
322.38
322.38
322.38
322.38
322.2
322.2
322.88
332.88
332.88
332.62
332.31
332.31
332.31
330.95
330.91
330.91
330.91
329.52
329.52
329.52
329.52
327.73
327.73
327.73
327.73
325.62
325.62
325.62
325.62
323.5
323.5
323.5
323.5
321.4
321.4
321.4
321.4
319.22
319.22
319.22
319.22
316.86
316.86
316.86
316.86
314.56
314.56
314.56
314.56
313.12
313.12
313.12
313.12
313.12
313.12
313.12
31
319.3
319.3
319.3
319.82
319.82
319.82
319.82
319.82
319.82
319.82
319.82
319.82
319.82
319.82
319.82
319.82
319.82
319.82
319.82
319.82
319.82
319.82
319.82
319.82
319.82
314.91
314.4
314.4
314.4
314.4
313.26
313.26
313.26
313.26
313.03
313.03
313.03
317.05
316.45
316.45
316.45
316.45
316.18
316.18
316.18
316.18
315.42
315.42
315.42
315.42
314.73
314.73
314.73
314.73
314.29
314.29
314.29
314.29
313.86
313.86
313.86
313.86
318.06
318.06
314.89
314.89
314.89
314.89
315.25
315.25
315.25
315.25
315.59
315.59
315.59
315.59
315.35
315.35
315.35
315.35
315.63
315.63
315.63
315.63
314.85
314.85
314.85
314.85
314.85
314.85
314.85
314.85
314.85
314.85
314.85
314.85
314.85
314.85
314.85
853.07
313.07
313.07
312.68
312.68
312.68
312.68
318.46
318.46
318.46
318.46
311.31
312.52
289.28
289.28
289.28
289.28
287.76
287.76
287.76
287.76
287.8
287.8
287.8
287.8
283.06
283.06
283.06
283.06
283.06
283.06
283.06
283.06
283.06
283.06
283.06
283.06
28
277.7
276.71
276.71
276.71
276.71
276.1
276.1
276.1
276.1
275.18
275.18
275.18
275.18
275.66
275.66
275.66
275.66
279.58
279.58
279.58
279.58
282.93
282.93
282.93
282.93
280.25
280.25
280.06
280.06
280.06
280.06
280.29
280.29
280.29
280.29
280.34
280.34
28
280.66
280.66
280.66
280.66
280.66
280.66
280.66
280.66
280.66
280.66
280.66
280.66
279.64
279.36
279.36
279.36
279.03
278.48
278.48
278.48
278.2
278.2
278.2
278.2
277.8
277.8
277.8
277.8