0.88
65.88
65.88
65.88
65.89
65.89
65.89
65.89
65.89
65.88
65.88
65.88
65.88
65.89
58.59
58.59
58.59
58.59
58.59
58.59
58.59
58.59
58.59
52.97
52.97
52.97
52.97
52.97
52.995
51.95
51.95
51.95
51.95
51.95
51.95
51.95
51.95
51.95
51.95
51.95
51.95
51.95
51.956
84.66
84.66
82.4
82.4
82.4
82.4
82.24
82.24
82.24
82.24
82.24
81.92
81.92
81.92
75.58
75.46
75.78
75.78
75.78
75.78
76.43
76.43
76.43
76.43
76.43
76.43
76.43
72.04
72.04
72.04
77.39
77.39
77.39
77.39
77.39
77.39
77.39
77.39
77.39
77.39
77.39
77.97
78.34
78.34
78.34
78.34
78.61
78.61
78.61
78.61
78.61
78.92
78.92
78.92
78.92
7.71
80.71
81.54
81.54
81.54
81.54
81.54
81.91
81.91
81.91
81.91
82.14
82.14
82.14
10.51
80.51
80.51
80.51
80.51
81.73
81.73
81.73
81.73
81.73
81.73
81.73
81.73
81.73
82
82.41
82.41
82.41
82.41
82.41
82.41
82.41
82.65
82.65
82.65
82.65
82.65
83.46
83.46
6
85.06
91.82
91.82
91.82
91.82
91.82
91.82
91.82
91.82
91.82
95.04
95.04
95.04
95.78
95.78
95.78
95.03
95.03
95.03
95.03
95.03
93.82
93.82
93.82
93.82
94.11
77.25
77.25
81.37
81.37
81.37
81.37
81.37
87.5
87.5
87.5
87.5
86.83
86.83
86.83
86.76
71.76
71.76
71.76
77.39
77.39
77.39
77.39
77.44
77.44
77.44
77.44
77.44
77.71
71.83
84.83
84.83
84.83
84.83
84.83
84.83
84.83
84.83
84.83
84.83
84.83
84.83
84.83
96.23
96.23
96.23
96.23
96.71
96.71
96.71
96.71
96.71
96.59
96.59
96.59
96.59
96.77
9
93.5
93.5
93.5
93.5
93.5
93.5
93.5
89.93
89.93
89.93
89.93
89.93
89.93
89.93
6.63
86.63
86.63
86.63
81.86
81.86
81.86
81.86
81.86
81.86
81.86
81.86
81.86
80.51
80
79.04
79.04
68.92
68.92
68.92
68.92
74.2
74.2
74.2
74.2
74.2
79.1
79.1
79.1
0.45
78.45
78.45
78.45
78.45
78.45
78.45
78.45
78.45
78.45
78.45
78.45
78.45
78.45
78.45
79.73
79.73
79.73
79.73
79.73
79.73
79.73
79.73
79.73
79.86
79.86
79.86
79.86
80.19
80.19
80.19
80.19
80.19
79.93
79.93
79.93
79.93
81.11
81.11
81.11
81.11
81.11
80.12
80.12
80.12
80.12
80.71
80.71
80.71
80.71
80.71
75.33
75.33
75.33
75.33
75.37
81.29
81.29
81.29
81.29
81.36
81.36
81.36
81.36
81.36
81.36
81.36
81.36
81.36
81.36
81.36
79.28
79.28
79.28
79.28
79.28
78.35
78.35
78.35
78.35
77.64
77.64
77.64
77.64
70.45
70.45
70.45
70.45
75.91
75.91
75.91
75.91
75.82
75.5
75.5
75.5
75.5
76.19
76.19
76.19
76.19
76.19
76.19
76.19
76.19
76.19
76.19
76.19
76.19
76.19
76.19
76.19
77.76
77.76
78.08
78.08
78.08
78.08
78.45
78.45
78.45
78.45
78.45
78.24
78.24
77.26
77.26
77.26
77.26
77.31
77.31
77.31
77.31
77.31
77.31
77.31
77.31
77.31
77.31
77.31
77.31
77.31
77.31
77.31
77.31
77.31
77.31
77.31
77.31
77.31
77.31
77.31
77.31
77.31
77.31
77.31
77.31
75.38
75.38
75.38
75.38
75.98
75.98
75.98
75.98
75.98
76.57
76.57
76.57
76.57
77.77
77.77
77.77
77.77
77.77
79.01
79.01
79.01
79.01
80.65
80.65
84.6
84.6
85.79
85.79
85.79
85.79
85.79
85.79
85.79
85.79
85.79
85.79
85.79
85.79
85.79
85.79
85.79
85.79
85.79
85.79
86.13
86.13
86.13
86.13
86.13
86.13
86.13
86.13
0.72
81.72
81.72
81.72
81.72
80.96
80.96
80.96
80.96
80.61
80.61
80.61
80.61
80.61
81.37
81.37
81.37
81.37
81.37
81.37
81.37
81.37
81.37
81.37
81.37
81.37
81.37
81.37
81.37
81.37
81.37
79.13
79.13
79.13
79.13
79.13
79.13
79.13
79.13
79.13
80.71
80.71
80.71
80.71
79.6
79.6
79.6
79.6
79.6
78.62
78.62
78.62
78.62
78.24
78.24
78.24
78.24
78.24
76.32
76.32
76.32
76.32
75.91
75.91
75.91
75.91
75.91
74.23
74.23
74.23
74.23
74.26
74.26
74.26
74.26
74.26
74.26
74.26
74.26
74.26
74.26
74.26
74.26
74.26
74.26
74.26
74.26
74.26
74.26
74.26
74.26
74.26
74.26
74.26
74.26
74.26
74.26
74.26
74.26
83.55
83.55
83.55
84.61
84.61
84.61
84.61
86.84
86.84
86.84
86.84
86.84
87.91
87.91
91
91
91
91
91
91
91
91
91
91
91
91
91
91
91
92.39
92.39
92.39
92.39
92.39
92.39
92.39
92.39
92.39
91.04
91.04
91.04
91.04
89.52
89.52
89.52
89.52
89.52
88.35
88.35
88.35
88.35
86.7
86.7
86.7
86.7
86.7
85.53
85.53
85.53
85.53
84.06
84.06
84.06
84.06
84.06
82.13
82.13
82.13
82.13
81.96
81.26
81.26
81.26
81.26
79.65
79.65
79.65
79.65
79.65
79.65
79.65
79.65
79.65
79.65
79.65
79.65
79.65
79.65
79.65
79.65
79.65
79.65
79.65
79.65
79.65
79.65
79.65
72.87
72.87
72.87
72.87
66.99
66.99
66.99
66.99
66.99
64.34
64.34
64.34
64.34
72.28
72.28
72.28
72.28
72.28
71.58
71.58
71.58
71.58
71.23
71.23
71.23
71.23
71.23
71.59
71.59
71.59
71.59
71.26
71.26
71.26
71.26
71.26
70.92
70.92
70.92
70.92
70.93
70.93
70.93
70.93
70.93
71.25
71.25
71.25
71.25
71.25
71.25
71.25
71.25
71.25
71.25
71.25
71.25
71.25
71.25
71.25
71.25
71.25
71.25
71.25
71.25
71.25
71.25
71.25
73.49
73.49
73.49
73.49
74.1
77.39
77.39
72.87
72.87
72.87
72.87
72.87
79.99
79.99
79.99
79.99
80.12
80.76
80.76
82.1
82.1
82.1
82.1
82.1
82.1
82.1
82.1
82.1
82.1
81.36
81.36
81.36
81.36
81.36
81.36
81.36
81.36
81.36
79.93
79.93
79.93
79.93
78.62
78.62
78.62
78.62
78.62
0.85
74.85
74.85
74.85
73.84
73.84
73.84
73.84
73.81
72.84
72.84
72.84
72.84
73.14
73.14
73.14
73.14
73.14
73.14
73.14
73.14
73.14
73.14
73.14
73.14
73.14
73.14
73.14
73.14
73.14
73.14
73.14
73.14
73.14
73.14
73.14
70.17
70.17
70.17
70.17
70.17
70.17
70.17
70.17
70.17
70.14
70.14
70.14
70.14
70.44
70.44
70.44
70.44
70.44
70.43
70.43
70.43
70.43
70.12
70.12
70.12
70.12
70.12
70.42
70.42
70.42
70.42
71.33
71.33
71.33
71.33
71.33
70.73
70.73
70.73
70.73
70.72
71.91
71.91
71.91
71.91
73.11
73.11
73.11
73.11
73.11
73.11
73.11
73.11
73.11
73.11
73.11
73.11
73.11
73.11
73.11
73.11
73.11
73.11
73.11
73.11
73.11
73.11
73.11
77.62
77.62
77.62
77.62
77.62
77.62
77.62
77.62
77.62
79.43
79.43
79.43
79.43
79.86
79.86
79.86
79.86
79.86
79.99
79.99
79.99
79.99
79.8
79.8
78.59
77.57
77.57
77.57
77.57
77.57
77.57
77.57
77.57
77.57
77.57
77.57
77.57
77.57
77.57
77.57
77.57
77.57
77.57
77.57
77.57
77.57
77.57
77.57
77.57
77.57
77.57
77.57
74.57
74.57
74.57
74.57
75.61
75.61
75.61
75.61
75.61
76.94
76.94
76.94
76.94
78.64
78.64
78.64
78.64
78.64
80.33
80.33
80.33
80.33
82.07
82.07
82.07
82.07
82.07
83.99
83.99
83.99
83.99
84.08
85.74
85.74
85.74
85.74
86.51
86.51
86.51
86.51
86.51
86.51
86.51
86.51
86.51
86.51
86.51
86.51
86.51
86.51
86.51
86.51
86.51
86.51
86.51
86.51
86.51
86.51
86.51
90.9
90.9
90.9
90.9
90.9
90.9
90.9
90.9
90.9
90.35
90.35
90.35
90.35
90.27
90.27
90.27
90.27
90.27
89.22
89.22
89.22
89.22
88.7
88.7
88.7
88.7
88.7
86.92
86.92
86.92
86.92
85.12
85.12
85.12
85.12
85.12
84.23
84.23
84.23
84.23
84.12
82.55
82.55
82.55
82.55
79.47
79.47
79.47
79.47
79.47
79.47
79.47
79.47
79.47
79.47
79.47
79.47
79.47
79.47
79.47
79.47
79.47
79.47
79.47
79.47
79.47
79.47
79.47
74.55
74.55
74.55
74.55
74.55
74.55
74.55
74.55
74.55
73.59
73.59
73.59
73.59
73.5
73.5
73.5
73.5
73.5
73.41
73.41
73.41
73.41
73.3
73.3
73.3
73.3
73.3
72.91
72.91
72.91
72.91
73.52
73.52
73.52
73.52
73.52
73.75
73.75
73.75
73.75
73.72
74.04
74.04
74.04
74.04
74.96
74.96
74.96
74.96
74.96
74.96
74.96
74.96
74.96
74.96
74.96
74.96
74.96
74.96
74.96
74.96
74.96
74.96
74.96
74.96
74.96
74.96
74.96
77.77
77.77
77.77
77.77
77.92
77.92
77.92
77.92
77.92
78.34
78.34
78.34
78.34
78.03
78.03
78.03
78.03
78.03
77.81
77.81
77.81
77.81
76.98
76.98
76.98
76.98
76.98
76.32
76.32
76.32
76.32
76.41
75.74
75.74
75.74
75.74
74.5
74.5
74.5
74.5
74.5
74.5
74.5
74.5
74.5
74.5
74.5
74.5
74.5
74.5
74.5
74.5
74.5
74.5
74.5
74.5
74.5
74.5
74.5
68.97
68.97
68.97
68.97
68.97
68.97
68.97
68.97
68.97
68.27
68.27
68.27
68.27
67.92
67.92
67.92
67.92
67.92
67.93
67.93
67.93
67.93
68.28
68.28
68.28
68.28
68.28
68.62
68.62
68.62
68.62
69.6
69.6
69.6
69.6
69.6
69.58
69.58
69.58
69.58
69.58
69.58
69.58
69.58
69.58
69.56
69.56
69.56
69.56
69.56
69.56
69.56
69.56
69.56
69.56
69.56
69.56
69.56
69.56
69.56
69.56
69.56
69.56
69.56
69.56
69.56
69.56
69.56
66.78
66.78
66.78
66.78
66.78
66.78
66.78
66.78
66.78
59.96
59.96
59.96
59.96
62.91
62.91
62.91
62.91
62.91
61.38
61.38
61.38
61.38
60.19
60.19
60.19
60.19
60.19
58.37
58.37
58.37
58.37
57.83
57.83
57.83
57.83
57.83
56.31
56.31
56.31
56.31
56.31
56.31
56.31
56.31
56.31
56.31
56.31
56.31
56.31
56.31
56.31
56.31
56.31
56.31
56.31
56.31
56.31
56.31
56.31
56.31
56.31
56.31
56.31
56.31
56.31
56.31
56.31
56.31
59.8
59.8
59.8
59.8
61.26
61.26
61.26
61.26
61.26
62.51
62.51
62.51
62.51
64.01
64.01
64.01
64.01
64.01
65.52
65.52
65.52
65.52
67.99
67.99
67.99
67.99
67.99
69.56
69.56
69.56
69.56
69.57
70.53
70.53
70.53
70.53
71.51
71.51
71.51
71.51
71.51
71.51
71.51
71.51
71.51
71.51
71.51
71.51
71.51
71.51
71.51
71.51
71.51
71.51
71.51
71.51
71.51
71.51
71.51
74.33
74.33
74.33
74.33
74.33
74.33
74.33
74.33
74.33
73.02
73.02
73.02
73.02
73.32
73.32
73.32
73.32
73.32
73.96
73.96
73.96
73.96
74.29
74.29
74.29
74.29
74.29
73.93
73.93
73.93
73.93
74.56
74.56
74.56
74.56
74.56
74.56
74.56
74.56
74.56
74.52
74.52
74.52
74.52
74.52
74.56
74.56
74.56
74.56
74.56
74.56
74.56
74.56
74.56
74.56
74.56
74.56
74.56
74.56
74.56
74.56
74.56
74.56
74.56
74.56
74.56
74.56
74.56
72.28
72.28
72.28
72.28
72.28
72.28
72.28
72.28
72.28
69.96
69.96
69.96
69.96
68.95
68.95
68.95
68.95
68.95
67.61
67.61
67.61
67.61
66.94
66.94
66.94
66.94
66.94
65.94
65.94
65.94
65.94
65.6
65.6
65.6
65.6
65.6
65.59
65.59
65.59
65.59
65.59
65.59
65.59
65.59
65.59
65.97
65.97
65.97
65.97
65.97
65.97
65.97
65.97
65.97
65.97
65.97
65.97
65.97
65.97
65.97
65.97
65.97
65.97
65.97
65.97
65.97
65.97
65.97
68.29
68.29
68.29
68.29
68.29
68.29
68.29
68.29
68.29
69.6
69.6
69.6
69.6
70.92
70.92
70.92
70.92
70.92
71.58
71.58
71.58
71.58
72.54
72.54
72.54
72.54
72.54
68.93
68.93
68.93
68.93
73.87
73.87
73.87
73.87
73.87
69.9
69.9
69.9
69.9
69.95
75.25
75.25
75.25
75.25
76.23
76.23
76.23
76.23
76.23
76.23
76.23
76.23
76.23
76.23
76.23
76.23
76.23
76.23
76.23
76.23
76.23
76.23
76.23
76.23
76.23
76.23
76.23
76.93
76.93
76.93
76.93
76.28
76.28
76.28
76.28
76.28
75.37
75.37
75.37
75.37
74.63
74.63
74.63
74.63
74.63
73.93
73.93
73.93
73.93
72.94
72.94
72.94
72.94
72.94
71.61
71.61
71.61
71.61
71.58
70.92
70.92
70.92
70.92
69.94
69.94
69.94
69.94
69.94
69.94
69.94
69.94
69.94
69.94
69.94
69.94
69.94
69.94
69.94
69.94
69.94
69.94
69.94
69.94
69.94
69.94
69.94
71.48
71.48
71.48
71.48
71.48
71.48
71.48
71.48
71.48
74.68
74.68
74.68
74.68
75.31
75.31
75.31
75.31
75.31
76.34
76.34
76.34
76.34
77.97
77.97
77.97
77.97
77.97
78.78
78.78
78.78
78.78
80.18
80.18
80.18
80.18
80.18
80.38
80.38
80.38
80.38
80.59
81.92
81.92
81.92
81.92
82.23
82.23
82.23
82.23
82.23
82.23
82.23
82.23
82.23
82.23
82.23
82.23
82.23
82.23
82.23
82.23
82.23
82.23
82.23
82.23
82.23
82.23
82.23
82.56
82.56
82.56
82.56
82.56
82.56
82.56
82.56
82.56
81.77
81.77
81.77
81.77
81.69
81.69
81.69
81.69
81.69
81.42
81.42
81.42
81.42
81.34
81.34
81.34
81.34
81.34
80.56
80.56
80.56
80.56
80.49
80.49
80.49
80.49
80.49
78.89
78.89
78.89
78.89
78.89
78.2
78.2
78.2
78.2
77.34
77.34
77.34
77.34
77.34
77.34
77.34
77.34
77.34
77.34
77.34
77.34
77.34
77.34
77.34
77.34
77.34
77.34
77.34
77.34
77.34
77.34
77.34
71.61
71.61
71.61
71.61
70.6
70.6
70.6
70.6
70.6
69.93
69.93
69.93
69.93
69.27
69.27
69.27
69.27
69.27
68.29
68.29
68.29
68.29
68.29
68.29
68.29
68.29
68.29
67.97
67.97
67.97
67.97
67.97
68.29
68.29
68.29
68.29
68.29
68.29
68.29
68.29
68.29
68.29
68.29
68.29
68.29
68.29
68.29
68.29
68.29
68.29
68.29
68.29
68.29
68.29
68.29
68.29
68.29
68.29
68.29
65.14
65.14
65.14
65.14
65.14
65.14
65.14
65.14
65.14
70.28
70.28
70.28
70.28
70.28
70.28
70.28
70.28
70.28
70.3
70.3
70.3
70.3
59.68
59.68
59.68
59.68
59.68
69.29
69.29
69.29
69.29
64.65
64.65
64.65
64.65
64.65
67.61
67.61
67.61
67.61
67.61
67.27
67.27
67.27
67.27
65.94
65.94
65.94
65.94
65.94
65.94
65.94
65.94
65.94
65.94
65.94
65.94
65.94
65.94
65.94
65.94
65.94
65.94
65.94
65.94
65.94
65.94
65.94
61.95
61.95
61.95
61.95
61.95
61.95
61.95
61.95
61.95
59.87
59.87
59.87
59.87
52.94
52.94
52.94
52.94
52.94
56.92
56.92
56.92
56.92
55.47
55.47
55.47
55.47
55.47
53.94
53.94
53.94
53.94
51.95
51.95
51.95
51.95
51.95
49.67
49.67
49.67
49.67
49.67
49.05
49.05
49.05
49.05
49.05
49.05
49.05
49.05
49.05
49.05
49.05
49.05
49.05
49.05
49.05
49.05
49.05
49.05
49.05
49.05
49.05
49.05
49.05
49.05
49.05
49.05
49.05
46.19
46.19
46.19
46.19
42.98
42.98
42.98
42.98
42.98
46.99
46.99
46.99
46.99
47.8
47.8
47.8
47.8
47.8
48.1
48.1
48.1
48.1
49.49
49.49
49.49
49.49
49.49
50.28
50.28
50.28
50.28
50.38
50.67
50.67
50.67
50.67
51.35
51.35
51.35
51.35
51.35
51.35
51.35
51.35
51.35
51.35
51.35
51.35
51.35
51.35
51.35
51.35
51.35
51.35
51.35
51.35
51.35
51.35
51.35
50.94
50.94
50.94
50.94
50.94
50.94
50.94
50.94
50.94
49.34
49.34
49.34
49.34
48.23
48.23
48.23
48.23
48.23
46.11
46.11
46.11
46.11
44.27
44.27
44.27
44.27
44.27
43.34
43.34
43.34
43.34
40.14
40.14
40.14
40.14
40.14
40.26
40.26
40.26
40.26
39.84
39.09
39.09
39.09
39.09
37.41
37.41
37.41
37.41
37.41
37.41
37.41
37.41
37.41
37.41
37.41
37.41
37.41
37.41
37.41
37.41
37.41
37.41
37.41
37.41
37.41
37.41
37.41
34.11
34.11
34.11
34.11
34.11
34.11
34.11
34.11
34.11
35.26
35.26
35.26
35.26
36.71
36.71
36.71
36.71
36.71
38.18
38.18
38.18
38.18
39.81
39.81
39.81
39.81
39.81
41.49
41.49
41.49
41.49
43.33
43.33
43.33
43.33
43.33
41.13
41.13
41.13
41.13
40.44
46.58
46.58
46.58
46.58
46.58
46.58
46.58
46.58
46.58
46.58
46.58
46.58
46.58
46.58
46.58
46.58
46.58
46.58
46.58
46.58
46.58
46.58
46.58
46.58
46.58
46.58
46.58
46.7
46.7
46.7
46.7
46.14
46.14
46.14
46.14
46.14
44.62
44.62
44.62
44.62
43.65
43.65
43.65
43.65
43.65
42.58
42.58
42.58
42.58
41.27
41.27
41.27
41.27
41.27
39.59
39.59
39.59
39.59
39.59
38.84
38.84
38.84
38.84
38.34
38.34
38.34
38.34
38.34
38.34
38.34
38.34
38.34
38.34
38.34
38.34
38.34
38.34
38.34
38.34
38.34
38.34
38.34
38.34
38.34
38.34
38.34
40.78
40.78
40.78
40.78
40.78
40.78
40.78
40.78
40.78
43.72
43.72
43.72
43.72
45.15
45.15
45.15
45.15
45.15
46.6
46.6
46.6
46.6
48.06
48.06
48.06
48.06
48.06
48.88
48.88
48.88
48.88
50.37
50.37
50.37
50.37
50.37
51.12
51.12
51.12
51.12
51.12
51.12
51.12
51.12
51.12
51.51
51.51
51.51
51.51
51.51
51.51
51.51
51.51
51.51
51.51
51.51
51.51
51.51
51.51
51.51
51.51
51.51
51.51
51.51
51.51
51.51
51.51
51.51
48.63
48.63
48.63
48.63
48.63
48.63
48.63
48.63
48.63
47.56
47.56
47.56
47.56
46.59
46.59
46.59
46.59
46.59
46.59
46.59
46.59
46.59
46.02
46.02
46.02
46.02
46.02
45.62
45.62
45.62
45.62
45.9
45.9
45.9
45.9
45.9
45.62
45.62
45.62
45.62
45.62
46.47
46.47
46.47
46.47
46.59
46.59
46.59
46.59
46.59
46.59
46.59
46.59
46.59
46.59
46.59
46.59
46.59
46.59
46.59
46.59
46.59
46.59
46.59
46.59
46.59
46.59
46.59
46.42
46.42
46.42
46.42
46.14
46.14
46.14
46.14
46.14
45.58
45.58
45.58
45.58
45.02
45.02
45.02
45.02
45.02
44.07
44.07
44.07
44.07
42.99
42.99
42.99
42.99
42.99
42.05
42.05
42.05
42.05
41.39
41.39
41.39
41.39
41.39
40.36
40.36
40.36
40.36
40.36
41.13
41.13
41.13
41.13
41.13
41.13
41.13
41.13
41.13
41.13
41.13
41.13
41.13
41.13
41.13
41.13
41.13
41.13
41.13
41.13
41.13
41.13
41.13
41.13
41.13
41.139
65.19
65.19
65.19
65.19
65.19
65.19
65.19
65.19
65.19
65.19
65.19
65.19
65.19
65.19
65.19
65.19
65.19
68.23
68.23
68.23
68.23
68.23
68.23
68.23
68.23
68.23
66.98
66.98
66.98
66.98
66.53
66.53
66.53
66.53
66.53
65.2
65.2
65.2
65.2
63.46
63.46
63.46
63.46
63.46
61.76
61.76
61.76
61.76
60.91
60.91
60.91
60.91
60.91
59.64
59.64
59.64
59.64
59.84
59.84
59.84
59.84
59.84
58.68
58.68
58.68
58.68
58.68
58.68
58.68
58.68
58.68
58.68
58.68
58.68
58.68
58.68
58.68
58.68
58.68
58.68
58.68
58.68
58.68
58.68
58.68
54.32
54.32
54.32
54.32
54.32
54.32
54.32
54.32
54.32
47
47
47
47
46.76
46.76
46.76
46.76
46.76
49.97
49.97
49.97
49.97
49.46
49.46
49.46
49.46
49.46
48.96
48.96
48.96
48.96
48.77
48.77
48.77
48.77
48.77
48.39
48.39
48.39
48.39
48.39
47.8
47.8
47.8
47.8
47.56
47.56
47.56
47.56
47.56
47.56
47.56
47.56
47.56
47.56
47.56
47.56
47.56
47.56
47.56
47.56
47.56
47.56
47.56
47.56
47.56
47.56
47.56
44.97
44.97
44.97
44.97
46.16
46.16
46.16
46.16
46.16
39.84
39.84
39.84
39.84
41.2
41.2
41.2
41.2
41.2
44.54
44.54
44.54
44.54
44.39
44.39
44.39
44.39
44.39
44
44
44
44
44.39
44.39
44.39
44.39
44.39
43.86
43.86
43.86
43.86
43.86
43.34
43.34
43.34
43.34
43.34
43.45
43.45
43.45
43.45
43.45
43.45
43.45
43.43
43.43
43.43
43.43
43.3
43.3
43.3
43.3
43.3
43.43
43.43
43.43
43.43
43.3
43.3
43.3
43.3
43.3
43.42
43.42
43.42
43.42
43.17
43.17
43.17
43.17
43.17
43.28
43.28
43.28
43.28
43.28
43.28
43.28
43.28
43.28
42.91
42.91
42.91
42.91
42.91
42.91
42.91
42.91
42.91
42.91
42.91
42.91
42.91
42.91
42.91
42.91
42.91
42.91
42.91
42.91
42.91
42.91
42.91
42.54
42.54
42.54
42.54
42.54
42.54
42.54
42.54
42.54
42.79
42.79
42.79
42.79
43.04
43.04
43.04
43.04
43.04
44.17
47.66
47.66
49.18
49.18
49.18
49.18
49.18
51.38
51.38
51.38
51.38
53.36
53.36
53.36
53.36
53.36
53.36
53.36
53.36
61.21
61.21
61.21
61.21
61.21
61.21
61.21
61.21
61.21
62.61
62.61
62.61
62.61
62.5
62.5
62.5
62.5
62.5
62.77
62.77
62.77
62.77
61.62
61.62
61.62
61.62
61.62
54.82
54.82
54.82
54.82
58.8
58.8
58.8
58.8
58.8
57.38
57.38
57.38
57.38
57.31
54.84
54.84
54.84
54.84
53.02
53.02
53.02
53.02
53.02
53.02
53.02
53.02
53.02
53.02
53.02
53.02
53.02
53.02
53.02
53.02
53.02
53.02
53.02
53.02
53.02
53.02
53.02
49.54
49.54
49.54
49.54
49.54
49.54
49.54
49.54
49.54
48.38
48.38
48.38
48.38
49.03
49.03
49.03
49.03
49.03
48.02
48.02
48.02
48.02
48.14
48.14
48.14
48.14
48.14
46.82
46.82
46.82
46.82
46.58
46.58
46.58
46.58
46.58
40.45
40.45
40.45
40.45
39.37
40.63
40.63
40.63
40.63
40.63
40.63
40.63
40.63
40.63
40.63
40.63
40.63
40.63
40.63
40.63
40.63
40.63
40.63
40.63
40.63
40.63
40.63
40.63
40.63
40.63
40.63
40.63
44.75
44.75
44.75
44.75
44.62
44.62
44.62
44.62
44.62
45.3
45.3
45.3
45.3
46.09
46.09
46.09
46.09
46.09
46.59
46.59
46.59
46.59
47.64
47.64
47.64
47.64
47.64
47.75
47.75
47.75
47.75
47.85
48.41
48.41
48.41
48.41
48.78
48.78
48.78
48.78
48.78
48.78
48.78
48.78
48.78
48.78
48.78
48.78
48.78
48.78
48.78
48.78
48.78
48.78
48.78
48.78
48.78
48.78
48.78
48.09
48.09
48.09
48.09
48.09
48.09
48.09
48.09
48.09
47.4
47.4
47.4
47.4
47.23
47.23
47.23
47.23
47.23
46.82
46.82
46.82
46.82
46.71
46.71
46.71
46.71
46.71
46.19
6
49.16
48.88
48.88
48.88
48.88
48.88
48.06
48.06
48.06
48.06
47.96
47.96
47.96
47.31
47.31
47.31
47.31
47.31
47.31
47.31
47.31
47.31
45.65
45.65
45.65
45.65
45.65
45.65
45.65
45.65
45.65
46.87
46.87
46.87
46.87
47.32
47.32
47.32
47.32
47.32
49.19
49.19
49.19
49.19
49.59
49.59
49.59
49.59
50.48
50.48
50.48
50.48
50.48
51
54.51
54.51
54.51
54.51
54.51
54.51
54.51
54.51
54.51
54.51
54.51
54.51
54.51
54.51
54.51
54.51
54.51
58.63
58.63
58.63
58.63
58.63
58.63
58.63
58.63
58.63
59.1
59.1
59.1
59.1
59.32
59.32
59.32
59.32
59.32
53.08
53.08
53.08
53.08
56.97
56.97
56.97
56.97
56.97
56.57
56.57
56.57
56.57
54.91
54.91
54.91
54.91
54.91
54.08
54.08
54.08
54.08
54.08
53.09
53.09
53.09
53.09
51.79
51.79
51.79
51.79
51.79
51.79
51.79
51.79
51.79
51.79
51.79
51.79
51.79
51.79
51.79
51.79
51.79
51.79
51.79
51.79
51.79
51.79
51.79
53.54
53.54
53.54
53.54
54.9
54.9
54.9
54.9
54.9
55.94
55.94
55.94
55.94
56.98
56.98
56.98
56.98
56.98
57.5
57.5
57.5
57.5
58.14
58.14
58.14
58.14
58.14
58.14
58.14
58.14
58.14
58.2
58.83
58.83
58.83
58.83
58.83
58.83
58.83
58.83
58.83
58.83
58.83
58.83
58.83
58.83
58.83
58.83
58.83
58.83
58.83
58.83
58.83
58.83
58.83
58.83
58.83
58.83
58.83
55.52
55.52
55.52
55.52
55.52
55.52
55.52
55.52
55.52
54.27
54.27
54.27
54.27
53.64
53.64
53.64
53.64
53.64
53.19
53.19
53.19
53.19
53.19
53.19
53.19
53.19
53.19
5.13
60.13
59.77
59.77
59.77
59.77
59.46
59.46
59.46
59.46
59.46
58.84
58.84
58.84
58.84
58.39
58.39
58.39
58.39
58.39
53.39
53.39
53.39
53.39
52.92
58.5
58.5
58.5
58.5
58.2
58.2
58.2
58.2
58.2
58.2
58.2
58.2
58.2
58.2
58.2
58.2
58.2
58.2
58.2
58.2
58.2
58.2
58.2
58.2
58.2
58.2
58.2
57.6
57.6
57.6
57.6
56.79
56.79
56.79
56.79
56.79
56.79
56.79
56.79
56.79
55.93
55.93
55.93
55.93
55.93
55.93
55.93
55.93
55.93
55.29
55.29
55.29
55.29
55.29
54.72
54.72
54.72
54.72
51.57
51.57
51.57
51.57
51.57
54.44
54.44
54.44
54.44
54.44
54.72
54.72
54.72
54.72
51.41
51.41
51.41
51.41
51.41
51.41
51.41
51.41
58.81
58.81
58.81
58.81
59.98
59.98
59.98
59.98
62.91
62.91
62.91
62.88
62.88
62.88
62.88
62.94
63.23
63.23
63.23
63.23
63.15
63.15
63.15
63.15
63.15
63.15
63.15
63.15
63.15
63.15
63.15
63.15
63.15
63.15
63.15
63.15
63.15
63.15
63.15
63.15
63.15
63.15
63.15
62.21
62.21
62.21
62.21
62.21
62.21
62.21
62.21
62.21
62.82
62.82
62.82
62.82
64.34
64.34
64.34
64.34
64.34
65.86
65.86
65.86
65.86
67.4
67.4
67.4
67.4
67.4
68.92
68.92
68.92
68.92
70.46
70.46
70.46
70.46
70.46
72.33
72.33
72.33
72.33
72.33
73.56
73.56
73.56
73.56
75.59
75.59
75.59
75.59
75.59
75.59
75.59
85.25
85.25
85.25
85.25
85.25
85.25
85.25
85.25
85.25
88.57
88.57
88.57
88.57
89.78
89.78
89.78
89.78
89.78
91.45
91.45
91.45
91.45
91.54
91.54
91.54
91.54
91.54
92.29
92.29
92.29
92.29
92.62
92.62
92.62
92.62
92.62
92.43
92.43
92.43
92.43
92.88
93.55
93.55
93.55
93.55
93.55
93.55
93.55
93.55
93.55
93.55
93.55
93.55
93.55
93.55
93.55
93.55
93.55
93.55
93.55
93.55
93.55
93.55
93.55
93.55
93.55
93.55
93.55
96.04
96.04
96.04
96.04
97.07
97.07
97.07
97.07
97.07
98.46
98.46
98.46
98.46
100.22
100.22
100.22
100.22
102.93
102.93
102.93
102.93
105.11
105.11
105.11
105.11
107.85
107.85
107.85
107.85
110.74
110.74
110.74
110.74
113.88
113.88
113.88
113.88
117.57
117.57
192.62
192.62
192.62
191.64
191.64
191.64
191.64
192.44
192.44
192.44
192.44
194.54
194.54
194.54
194.54
194.92
194.92
194.92
194.92
196.16
196.16
196.16
196.16
196.91
198.11
198.11
198.11
198.11
198.11
198.11
198.11
198.11
198.11
198.11
198.11
198.11
198.85
201.47
201.47
201.47
201.47
201.82
201.82
201.82
202.88
202.88
202.88
202.88
20
279.63
279.9
279.9
279.9
279.9
280.92
280.92
280.92
280.92
281.52
281.52
281.52
282.84
282.84
282.84
282.84
282.84
282.84
282.84
282.84
282.84
282.84
282.84
282.31
43.23
273.23
273.23
273.23
272.21
272.21
272.21
272.21
273.57
273.57
273.57
273.57
327.26
277.26
277.26
277.26
277.26
277.26
272.62
272.62
272.62
272.45
272.05
272.05
272.05
278.5
278.5
278.5
278.5
278.5
278.5
278.5
278.5
278.5
278.5
285.49
285.49
285.49
285.49
286.23
286.23
286.23
286.23
287.22
287.22
287.22
287.22
288.04
288.04
48.53
278.53
278.53
280.55
280.55
280.55
280.55
282.67
282.67
282.67
282.67
284.19
284.19
284.19
284.19
284.19
284.19
284.19
284.19
284.19
284.19
284.19
284.19
284.19
284.19
284.19
286.58
291.13
291.13
291.13
292.23
292.47
292.47
292.47
293.85
293.85
293.85
283.19
283.19
283.19
284.06
284.06
284.06
284.06
284.93
284.93
284.93
284.93
285.72
285.72
285.72
285.72
286.04
286.04
286.04
286.04
286.21
286.21
286.21
286.21
286.96
284.21
280.96
280.96
280.96
280.96
281.64
281.64
281.64
281.64
281.64
281.64
281.64
281.64
281.64
281.64
281.64
281.64
281.64
281.64
281.64
281.64
281.64
281.64
281.64
282.08
283.74
283.74
283.74
283.74
284.06
284.06
284.06
284.29
284.29
284.29
284.29
284.61
284.61
284.61
284.61
284.61
284.61
284.61
284.61
285.09
285.09
285.09
285.09
285.72
285.72
285.72
285.72
285.97
285.97
285.97
285.97
290.21
290.21
290.21
290.21
291.38
291.38
291.38
291.38
298.29
298.29
298.29
298.29
298.29
298.29
298.29
298.29
298.29
298.29
298.29
298.29
298.29
298.29
298.29
298.29
298.29
298.29
298.29
298.29
298.29
298.29
298.29
296.85
276.85
276.85
276.85
275.39
275.39
275.39
275.39
273.69
273.69
273.69
273.69
0.63
270.63
270.63
269.45
269.45
269.45
269.45
269.45
269.45
269.45
269.45
269.45
269.45
269.45
269.45
269.45
269.45
269.45
269.45
269.45
269.45
269.45
265.54
267.8
267.8
267.8
267.5
267.5
267.5
267.5
267.05
267.05
267.05
267.05
267.05
267.05
267.05
267.05
267.5
267.5
267.5
267.5
266.9
266.9
266.9
266.9
266.31
266.31
266.31
266.31
266.75
266.75
266.75
266.75
267.05
267.05
267.05
267.05
266.76
266.76
266.76
266.76
267.48
267.48
267.48
267.48
267.48
267.48
267.48
267.48
267.48
267.48
267.48
267.48
267.48
267.48
267.48
267.48
267.48
267.48
267.48
267.48
267.48
267.48
267.48
267.48
273.53
273.53
273.53
273.53
274.83
274.83
274.83
274.83
275.88
275.88
275.88
275.88
276.73
276.73
276.73
276.73
278.74
278.74
278.74
278.74
279.58
279.58
279.58
279.58
280.54
280.54
280.54
280.54
281.17
281.17
281.17
281.17
282.2
282.2
282.2
282.2
287.79
287.79
287.79
287.79
288.95
288.95
288.95
288.95
288.95
288.95
288.95
288.95
288.95
288.95
288.95
288.95
288.95
288.95
288.95
288.95
288.95
288.95
288.95
287.4
287.4
287.4
287.4
288.16
288.16
288.16
288.16
288.05
288.05
288.05
288.05
288.26
288.26
288.26
288.26
288.26
288.26
288.26
288.26
287.54
287.54
287.54
287.54
287.21
287.21
287.21
287.21
287.54
287.54
287.54
287.54
287.28
287.28
287.28
287.28
287.34
287.34
287.34
287.34
287.61
287.61
287.61
287.61
293.62
293.62
293.62
293.62
293.62
293.62
293.62
293.62
293.62
293.62
293.62
293.62
293.62
293.62
293.62
293.62
293.62
293.62
293.62
293.62
293.62
293.62
293.62
293.62
289.95
289.95
289.95
289.95
290.78
290.78
290.78
290.78
290.55
290.55
290.55
290.55
290.57
290.57
290.57
290.57
291.13
291.13
291.13
291.13
290.6
290.6
290.6
290.6
290.92
290.92
290.92
290.92
291.75
291.75
291.75
291.75
291.5
291.5
291.5
291.5
292.05
292.05
292.05
292.05
292.05
292.05
292.05
292.05
292.05
292.05
292.05
292.05
292.05
292.05
292.05
292.05
292.05
292.05
292.05
291.31
295.53
295.53
295.53
295.04
295.94
295.94
295.94
296.61
296.61
296.61
296.61
297.04
297.04
297.04
297.04
297.22
297.22
297.22
297.22
297.84
297.84
297.84
297.84
298.29
298.29
298.29
298.29
298.25
298.25
298.25
298.25
298.73
298.73
298.73
298.73
298.49
298.49
298.49
298.49
298.93
298.93
298.93
298.93
298.93
298.93
298.93
298.93
298.93
298.93
298.93
298.93
298.93
298.93
298.93
298.93
298.93
298.93
298.93
298.93
298.93
298.93
298.93
298.93
298.93
298.93
298.93
298.93
298.65
298.65
298.65
298.65
299.09
299.09
299.09
299.09
299.52
299.52
299.52
299.52
299.91
299.91
299.91
299.91
299.91
299.91
299.91
299.91
300.48
300.48
300.48
300.48
300.1
300.1
300.1
300.1
301.2
301.2
301.2
301.2
301.01
301.01
301.01
301.01
301.25
301.25
301.25
301.25
301.25
301.25
301.25
301.25
301.25
301.25
301.25
301.25
301.25
301.25
301.25
302.25
300.71
300.71
300.71
300.71
300.11
300.11
300.11
299.7
299.7
299.7
299.7
299.28
299.28
299.28
299.28
298.56
298.56
298.56
298.56
297.87
297.87
297.87
297.87
297.65
297.65
297.65
297.65
296.68
296.68
296.68
296.68
296.43
296.43
296.43
296.43
295.72
295.72
295.72
295.72
296.17
296.17
296.17
296.17
295.91
295.91
295.91
295.91
295.91
295.91
295.91
295.91
295.91
295.91
295.91
295.91
295.91
295.91
295.91
295.91
295.91
295.91
295.91
295.91
295.91
295.91
295.91
295.91
295.91
295.91
295.91
295.91
294.45
294.45
294.45
294.45
294.24
294.24
294.24
294.24
294.65
294.65
294.65
294.65
294.85
294.85
294.85
294.85
295.66
295.66
295.66
295.66
296.48
296.48
296.48
296.48
297.73
297.73
297.73
297.73
298.55
298.55
298.55
298.55
299.55
299.55
299.55
299.55
299.96
299.96
299.96
299.96
299.96
299.96
299.96
299.96
299.96
299.96
299.96
299.96
299.96
299.96
299.96
299.96
299.96
299.96
299.96
300.41
300.77
300.77
300.77
301
301
301
301
301.05
301.05
301.05
301.05
301.05
301.05
301.05
301.05
301.39
301.39
301.39
301.39
301.81
301.81
301.81
301.81
302.46
302.46
302.46
302.46
301.93
301.93
301.93
301.93
302.41
302.41
302.41
302.41
302.23
302.23
302.23
302.23
302.17
302.17
302.17
302.17
301.69
301.69
301.69
301.69
301.69
301.69
301.69
301.69
301.69
301.69
301.69
301.69
301.69
301.69
301.69
301.69
301.69
301.69
301.69
301.69
301.69
301.69
301.69
301.69
297.57
297.57
297.57
297.57
296.91
296.91
296.91
296.91
296.69
296.69
296.69
296.69
296.28
296.28
296.28
296.28
296.07
296.07
296.07
296.07
295.68
295.68
295.68
295.68
295.28
295.28
295.28
295.28
294.86
294.86
294.86
294.86
294.46
294.46
294.46
294.46
294.47
294.47
294.47
294.47
294.47
294.47
294.47
294.47
294.47
294.47
294.47
294.47
294.47
294.47
294.47
294.47
294.47
294.47
294.47
293.2
291.7
291.7
291.7
291.09
291.53
291.53
291.53
291.94
291.94
291.94
291.94
291.97
29
293.82
293.82
294.8
294.8
294.8
294.8
295.4
295.4
295.4
295.4
295.97
295.97
295.97
295.97
297.35
297.35
297.35
297.35
297.35
297.35
297.35
297.35
297.35
297.35
297.35
297.35
297.35
297.35
297.35
297.35
297.35
297.35
297.35
297.35
297.35
297.35
297.35
297.35
297.35
297.35
297.35
297.35
303.37
303.37
303.37
303.37
303.99
303.99
303.99
303.99
304.69
304.69
304.69
304.69
304.93
304.93
304.93
304.93
305.01
305.01
305.01
305.01
305.57
305.57
305.57
305.57
305.49
305.49
305.49
305.49
305.92
305.92
305.92
305.92
306.1
306.1
306.1
306.1
305.86
305.86
305.86
305.86
306.05
306.05
306.05
306.05
306.05
306.05
306.05
306.05
306.05
306.05
306.05
306.05
306.05
306.05
306.05
305.79
305.45
305.45
305.45
305.71
305.88
305.88
305.88
310.72
310.72
310.72
310.72
314.03
314.03
314.03
314.03
306.81
306.81
306.81
306.81
310.6
310.6
310.6
310.6
307.55
307.55
307.55
307.55
308.23
308.23
308.23
308.23
308.65
308.65
308.65
308.65
308.95
308.95
308.95
308.95
309.36
309.36
309.36
309.36
309.65
309.65
309.65
309.65
309.65
309.65
309.65
309.65
309.65
309.65
309.65
309.65
309.65
309.65
309.65
309.65
309.65
309.65
309.65
309.65
309.65
309.65
309.65
309.65
311.22
311.22
311.22
311.22
312.4
312.4
312.4
312.4
313.09
313.09
313.09
313.09
313.86
313.86
313.86
313.86
314.73
314.73
314.73
314.73
315.61
315.61
315.61
315.61
317.05
317.05
317.05
317.05
318.23
318.23
318.23
318.23
319.25
319.25
319.25
319.25
320.03
320.03
320.03
320.03
321.51
321.51
321.51
321.51
321.51
321.51
321.51
321.51
321.51
321.51
321.51
321.51
321.51
321.51
321.51
321.51
321.51
321.51
321.51
330.63
330.41
330.41
330.41
333.83
333.76
333.76
333.76
326.12
326.12
326.12
326.12
326
326
326
326
326
326
326
326
325.29
325.29
325.29
325.29
324.64
322.5
321.5
321.5
321.5
321.5
321.41
321.41
321.41
321.41
321.41
321.41
321.41
321.41
321.41
321.41
321.41
321.41
321.41
321.41
321.41
321.41
321.41
321.41
321.41
321.41
321.41
321.41
321.41
321.41
321.41
321.41
321.41
321.41
325.39
325.39
325.39
325.39
322.19
322.19
322.19
322.19
322.28
322.28
322.28
322.28
322.9
322.9
322.9
322.9
322.94
322.94
322.94
322.94
322.97
322.97
322.97
322.97
322.6
322.6
322.6
322.6
322.16
322.16
322.16
322.16
321.68
321.68
321.68
321.68
320.97
320.97
320.97
320.97
320.97
320.97
320.97
320.97
320.97
320.97
320.97
320.97
320.97
320.97
320.97
320.97
320.97
320.97
320.97
319.79
319.95
319.95
319.95
320.26
320.26
320.26
320.26
320.8
320.8
320.8
320.8
321.34
321.34
321.34
321.34
321.96
321.96
321.96
321.96
322.2
322.2
322.2
322.2
322.97
322.97
322.97
322.97
323.51
323.51
323.51
323.51
323.69
323.69
323.69
323.69
323.69
323.69
323.69
323.69
323.69
323.69
323.69
323.69
323.69
323.69
323.69
323.69
323.69
323.69
323.69
323.69
323.69
323.69
323.69
323.69
323.69
323.69
323.69
323.69
323.69
323.69
323.69
323.69
328.79
328.79
328.79
328.79
332.41
332.41
332.41
332.41
329.24
329.24
329.24
329.24
325.68
325.68
325.68
325.68
326.37
326.37
326.37
326.37
327.07
327.07
327.07
327.07
327.31
327.31
327.31
327.31
327.82
327.82
327.82
327.82
327.82
327.82
327.82
327.82
328.1
328.1
328.1
328.1
328.33
328.33
328.33
328.33
328.33
328.33
328.33
328.33
328.33
328.33
328.33
328.33
328.33
328.33
328.33
327.87
328
328
328
328.69
328.73
328.73
328.73
329.23
329.23
329.23
329.23
329.62
329.62
329.62
329.62
330.35
330.35
330.35
330.35
330.72
330.72
330.72
330.72
331.64
331.64
331.64
331.64
332.52
332.52
332.52
332.52
332.96
332.96
332.96
332.96
333.58
333.58
333.58
333.58
334.04
334.04
334.04
334.04
334.02
334.02
334.02
334.02
334.02
334.02
334.02
334.02
334.02
334.02
334.02
334.02
334.02
334.02
334.02
334.02
334.02
334.02
334.02
334.02
334.02
334.02
334.02
33
323.34
323.34
323.34
323.34
323.07
323.07
323.07
323.07
322.44
322.44
322.44
322.44
322.87
322.87
322.87
322.87
322.57
322.57
322.57
322.57
323.09
323.09
323.09
323.09
323.84
323.84
323.84
323.84
323.84
323.84
323.84
323.84
323.84
323.84
323.84
323.84
323.84
323.84
323.84
323.84
323.84
323.84
323.84
326.37
326.01
326.01
326.01
326.01
325.95
325.95
325.95
326.33
326.33
326.33
326.33
326.57
326.57
326.57
326.57
326.72
326.72
326.72
326.72
326.42
326.42
326.42
326.42
326.47
326.47
326.47
326.47
326.17
326.17
326.17
326.17
325.73
325.73
325.73
325.73
325.49
325.49
325.49
325.49
325.06
325.06
325.06
325.06
324.4
324.4
324.4
324.4
324.4
324.4
324.4
324.4
324.4
324.4
324.4
324.4
328.79
328.79
329.96
329.96
329.96
329.96
325.64
325.64
325.64
325.64
330.27
330.27
330.27
330.27
326.44
326.44
326.44
326.44
326.52
326.52
326.52
326.52
326.66
326.66
326.66
326.66
327.06
327.06
327.06
327.06
327.26
327.26
327.26
327.26
327.41
327.41
327.41
327.41
327.41
327.41
327.36
327.36
327.36
327.36
327.41
327.41
327.41
327.26
327.26
327.26
327.26
331.62
331.62
331.62
331.62
326.22
326.22
326.22
326.22
325.6
325.6
325.6
325.6
325.05
325.05
325.05
325.05
324.76
324.76
324.76
324.76
324.75
324.75
324.75
324.75
325.32
325.32
325.32
325.32
325.48
325.48
325.48
325.48
325.86
325.86
325.86
335.99
335.99
335.99
335.99
331.91
331.91
331.91
331.91
332.3
332.3
332.3
302.33
332.33
332.33
332.33
331.86
331.86
331.86
331.86
331.62
331.62
331.62
331.62
330.63
330.63
330.63
330.63
330.63
326.01
326.37
326.37
326.37
325.21
325.32
325.32
325.32
325.43
325.43
325.43
325.43
326.16
326.16
326.16
326.16
325.71
325.71
325.71
323.15
323.15
322.4
322.4
322.4
322.4
321.85
321.85
321.85
321.85
321.08
321.08
321.08
321.08
321.08
321.08
321.08
321.08
321.08
321.08
321.08
321.08
321.08
321.08
321.08
324.2
322.42
322.42
322.42
322.42
325.66
325.66
325.66
325.66
325.02
325.02
325.02
27.04
317.04
317.04
317.04
317.12
317.12
317.12
317.12
317.95
317.95
317.95
317.95
317.95
317.95
317.95
317.95
317.95
317.95
317.95
317.95
317.95
317.95
317.95
322.7
323.22
32
320.1
320.1
320.1
320.1
320.1
320.1
320.1
320.1
320.81
320.81
320.81
320.81
32
329.4
329.4
329.4
329.4
329.61
329.61
329.61
329.61
332.53
332.53
332.53
332.53
329.07
329.07
329.07
329.07
329.07
329.07
329.07
329.07
329.07
329.07
329.07
329.07
329.07
329.07
329.07
329.07
329.07
329.07
329.07
328.83
328.83
328.83
328.83
328.58
328.62
32
327.79
327.35
327.35
327.35
327.35
327.16
327.16
327.16
327.16
326.93
326.93
326.93
326.93
332.49
332.49
332.49
332.49
333.22
333.22
333.22
333.22
327.73
327.73
327.73
327.73
327.73
327.73
327.73
327.73
327.73
327.73
332.93
332.93
332.93
332.93
404.08
334.08
334.08
334.35
334.35
334.35
334.35
333.83
333.83
333.83
333.83
332.58
332.58
332.58
332.58
336.34
336.34
336.34
336.34
330.38
330.38
330.38
330.38
337.35
337.35
33
337.35
337.35
337.35
337.35
325.71
325.93
325.93
325.93
325.85