2
118.02
118.02
118.02
116.37
116.37
116.37
116.37
114.17
114.17
114.17
114.17
111.95
100.66
100.66
100.66
100.66
100.66
100.66
100.66
100.66
100.66
100.66
100.66
100.66
82.01
82.01
82.01
82.01
81.73
81.73
81.73
81.73
81.73
81.06
81.06
81.06
81.06
81.15
145.52
45.52
45.52
45.52
45.52
45.52
45.52
45.52
46.92
46.92
46.92
46.92
47.03
47.03
472
44.92
45.27
45.27
45.27
45.27
45.27
44.24
44.24
44.24
44.24
44.36
44.62
44.62
43.98
43.98
43.98
43.98
43.98
43.98
43.98
43.98
43.98
41.54
41.54
41.54
41.54
41.54
41.54
41.54
41.54
41.54
39.92
39.92
39.92
39.92
39.05
39.05
39.05
39.05
39.05
28.97
38.97
38.97
38.97
38.97
38.97
38.97
38.97
38.97
38.97
38.97
38.97
38.97
38.97
38.97
38.97
38.97
38.97
38.97
38.97
38.97
45.38
45.38
45.38
45.38
47.54
47.54
47.54
47.54
47.54
41.51
41.51
41.51
41.51
49.02
49.02
49.02
49.02
49.02
49.91
49.91
49.91
49.91
519
51.19
51.19
51.19
51.19
51.19
51.19
51.19
51.19
51.19
51.19
51.19
51.19
51.19
51.19
51.19
51.19
51.19
51.19
51.19
51.19
51.19
51.19
51.19
51.19
51.19
51.19
51.19
51.19
4
38.84
36.82
36.82
36.82
36.82
36.67
36.43
36.43
36.43
36.43
36.04
36.04
36.04
36.04
36.04
36.04
36.04
36.04
36.04
36.04
36.04
36.04
36.04
36.04
36.04
36.04
36.04
36.04
36.04
36.04
36.04
36.04
36.04
32.88
32.88
32.88
32.88
32.88
32.88
32.88
32.88
32.88
32.5
34.11
34.11
34.11
34.11
34.11
31.95
31.95
31.95
31.95
31.95
28.69
28.69
28.69
28.69
30.88
30.88
30.88
30.88
30.88
30.88
30.88
30.88
30.88
30.88
30.88
30.88
30.88
30.88
30.88
30.88
30.88
30.88
30.88
30.88
30.88
30.88
30.88
32.83
32.83
32.83
32.83
32.83
32.83
32.83
32.83
32.83
32.89
32.89
32.89
32.89
33.05
33.05
33.05
33.05
33.05
33.27
33.27
33.27
33.27
34.02
34.02
34.02
34.02
34.02
34.02
34.02
34.02
34.02
35.23
35.23
35.23
35.23
35.23
35.38
35.38
35.38
35.38
35.38
36.06
36.06
36.06
36.06
37.33
37.33
37.33
37.33
37.33
37.33
37.33
37.33
37.33
37.33
37.33
37.33
37.33
37.33
37.33
37.33
37.33
37.33
37.33
37.33
37.33
37.33
37.33
38.67
38.67
38.67
38.67
38.67
38.67
38.67
38.67
38.67
38.67
38.67
38.67
38.67
38.44
38.44
38.44
38.44
38.44
38.44
38.44
38.44
38.44
38.07
38.07
38.07
38.07
38.07
38.16
38.16
38.16
38.16
37.65
37.65
37.65
37.65
37.65
37.74
37.74
37.74
37.74
37.88
34.15
34.15
34.15
34.15
35.13
35.13
35.13
35.13
35.13
35.13
35.13
35.13
35.13
35.13
35.13
35.13
35.13
35.13
35.13
35.13
35.13
35.13
35.13
35.13
35.13
0.27
31.8
31.8
31.8
31.8
31.8
30.59
30.59
30.59
30.59
30.36
30.36
30.36
30.36
30.36
29.73
29.73
29.73
29.73
29.55
28.88
28.88
28.88
28.88
28.67
28.67
28.67
28.67
28.67
28.67
28.67
30.96
30.96
30.96
30.96
30.96
30.96
30.96
30.96
30.96
32.82
32.82
32.82
32.82
34.77
34.77
34.77
34.77
34.77
35.39
35.39
35.39
35.39
36.34
36.34
36.34
36.34
36.34
37.03
37.03
37.03
37.03
37.51
37.51
37.51
37.51
37.51
37.6
37.6
37.6
37.6
37.75
37.75
37.75
37.75
37.75
37.36
37.36
37.36
37.36
37.36
37.36
37.36
37.36
37.36
37.36
37.36
37.36
37.36
37.36
37.36
37.36
37.36
37.36
37.36
37.36
37.36
37.36
37.36
29.24
29.24
29.24
29.24
29.24
29.24
29.24
29.24
29.24
30.94
30.94
30.94
30.94
30.14
30.14
30.14
30.14
30.14
29.14
29.14
29.14
29.14
28.33
28.33
28.33
28.33
28.33
26.91
26.91
26.91
26.91
26.72
26.72
26.72
26.72
26.72
26.52
26.52
26.52
26.52
26.12
26.12
26.12
26.12
26.12
26.14
26.14
26.14
26.14
26.14
26.14
26.14
26.14
26.14
26.14
26.14
26.14
26.14
26.14
26.14
26.14
26.14
26.14
26.14
26.14
26.14
26.14
26.14
25.55
25.55
25.55
25.55
25.55
25.55
25.55
25.55
25.55
27.7
27.7
27.7
27.7
24.19
24.19
24.19
24.19
24.19
27.22
27.22
27.22
27.22
26.77
26.77
26.77
26.77
26.77
26.75
26.75
26.75
26.75
26.94
26.94
26.94
26.94
26.94
26.71
26.71
26.71
26.71
27.25
27.25
27.25
27.25
27.25
27.63
27.63
27.63
27.63
27.63
27.63
27.63
27.63
27.63
27.63
27.63
27.63
27.63
27.63
27.63
27.63
27.63
27.63
27.63
27.63
27.63
27.63
27.63
33.56
33.56
33.56
33.56
33.56
33.56
33.56
33.56
33.56
36.17
36.17
36.17
36.17
38.77
38.77
38.77
38.77
38.77
39.12
39.12
39.12
39.12
40.51
40.51
40.51
40.51
40.51
41.4
41.4
41.4
41.4
42.18
42.18
42.18
42.18
42.18
42.05
42.05
42.05
42.05
41.79
42.86
42.86
42.86
42.86
42.05
42.05
42.05
42.05
42.05
42.05
42.05
42.05
42.05
42.05
42.05
42.05
42.05
42.05
42.05
42.05
42.05
42.05
42.05
42.05
42.05
42.05
42.05
39.24
39.24
39.24
39.24
36.91
36.91
36.91
36.91
36.91
35.36
35.36
35.36
35.36
34.67
34.67
34.67
34.67
34.67
33.12
33.12
33.12
33.12
33.19
33.19
33.19
33.19
33.19
32.38
32.38
32.38
32.38
32.82
32.82
32.82
32.82
32.82
32.52
32.52
32.52
32.52
32.71
33.49
33.49
33.49
33.49
33.49
33.49
33.49
33.49
33.49
33.49
33.49
33.49
33.49
33.49
33.49
33.49
33.49
33.49
38.53
38.53
38.53
38.53
38.53
38.53
38.53
38.53
38.53
41.73
41.73
41.73
41.73
43.75
43.75
43.75
43.75
43.75
44.2
44.2
44.2
44.2
41.47
41.47
41.47
41.47
41.47
39.5
39.5
39.5
39.5
45.47
45.47
45.47
45.47
45.47
45.32
45.32
45.32
45.32
45.01
45.37
45.37
45.37
45.37
44.85
44.85
44.85
44.85
44.85
44.85
44.85
44.85
44.85
44.85
44.85
44.85
44.85
44.85
44.85
44.85
44.85
44.85
44.85
44.85
44.85
44.85
44.85
41.71
41.71
41.71
41.71
41.71
41.71
41.71
41.71
41.71
41.39
41.39
41.39
41.39
40.76
40.76
40.76
40.76
40.76
41.14
41.14
41.14
41.14
40.65
40.65
40.65
40.65
40.65
39.6
39.6
39.6
39.6
39.66
39.66
39.66
39.66
39.66
38.99
38.99
38.99
38.99
39.47
38.91
38.91
38.91
38.91
38.41
38.41
38.41
38.41
38.41
38.41
38.41
38.41
38.41
38.41
38.41
38.41
38.41
38.41
38.41
38.41
38.41
38.41
38.41
38.41
38.41
38.41
38.41
39.77
39.77
39.77
39.77
40.7
40.7
40.7
40.7
40.7
41.25
41.25
41.25
41.25
42.18
42.18
42.18
42.18
42.18
42.85
42.85
42.85
42.85
43.84
43.84
43.84
43.84
43.84
43.76
43.76
43.76
43.76
44.15
44.15
44.15
44.15
44.15
44.42
44.42
44.42
44.42
44.54
40.91
40.91
40.91
40.91
40.91
40.91
40.91
40.91
40.91
40.91
40.91
40.91
40.91
40.91
40.91
40.91
40.91
40.91
40.91
40.91
40.91
40.91
40.91
40.91
40.91
40.91
40.91
40.37
40.37
40.37
40.37
39.23
39.23
39.23
39.23
39.23
37.95
37.95
37.95
37.95
37.07
37.07
37.07
37.07
37.07
36.67
36.67
36.67
36.67
37.16
37.16
37.16
37.16
37.16
37.41
37.41
37.41
37.41
37.41
38.15
38.15
38.15
38.15
39.31
39.31
39.31
39.31
39.31
39.31
39.31
39.31
39.31
39.31
39.31
39.31
39.31
39.31
39.31
39.31
39.31
39.31
39.31
39.31
39.31
39.31
39.31
44.53
44.53
446
46.46
46.93
46.93
46.93
46.93
46.69
46.69
46.69
46.69
46.69
46.69
46.69
46.69
940.42
40.42
40.42
40.42
40.42
40.42
40.42
40.42
40.42
40.42
40.42
40.42
40.42
40.42
40.42
40.42
40.42
40.42
40.42
40.42
40.42
40.42
40.42
41.48
41.48
41.48
41.48
41.48
41.48
41.48
41.48
41.48
41.06
41.06
41.06
41.06
40.93
40.93
40.93
40.93
40.93
40.8
40.8
40.8
40.8
41.22
41.22
41.22
41.22
41.22
41.5
41.5
41.5
41.5
41.37
41.37
41.37
41.37
41.37
41.65
41.65
41.65
41.65
41.78
42.05
42.05
42.05
42.05
42.19
42.19
42.19
42.19
42.19
42.19
42.19
42.19
42.19
42.19
42.19
42.19
42.19
42.19
42.19
42.19
42.19
938.66
38.66
38.66
38.66
37.84
37.84
37.84
37.84
37.84
37.14
37.14
37.14
37.14
35.6
35.6
35.6
35.6
35.6
34.55
34.55
34.55
34.55
34.48
34.48
34.48
34.48
34.48
33.45
42.96
32.96
32.59
32.59
32.59
32.59
32.59
32.59
32.59
32.59
32.59
30.39
30.39
30.39
30
33.27
33.27
33.27
33.27
33.05
33.05
33.05
33.05
33.05
33.27
33.27
33.27
33.27
33.11
33.33
33.33
33.33
33.33
33.17
33.17
33.17
33.17
33.17
33.17
33.17
33.17
33.17
33.17
33.17
33.17
33.17
33.17
33.17
33.17
33.17
33.17
33.17
33.17
33.17
33.17
33.17
33.76
33.21
32.88
32.88
32.88
32.88
32.09
32.09
32.09
32.09
32.09
31.52
31.52
31.52
31.52
30.89
30.89
30.89
30.89
30.89
30.09
30.09
30.09
30.09
29.55
29.33
29.33
29.33
29.38
34.38
34.38
35.57
35.57
35.57
35.57
35.57
37.14
37.14
37.14
37.14
37.31
38.17
38.1
41.17
41.17
41.17
41.17
36.78
36.78
36.78
36.78
35.1
35.1
35.1
35.1
35.1
33.44
9.96
31.56
31.56
31.56
31.56
32.86
32.86
32.86
32.86
32.86
33.73
33.73
33.73
33.73
34.67
34.67
34.67
34.67
34.67
35.97
35.97
35.97
35.97
34.24
34.24
34.24
34.24
34.24
638.98
38.98
38.98
38.98
38.98
38.98
38.98
38.98
38.98
38.98
38.98
38.98
38.98
38.98
38.98
38.98
38.98
37.95
37.95
37.95
37.95
37.95
37.95
37.95
37.95
37.95
37.36
37.36
37.36
37.36
37.36
37.36
37.36
37.36
37.36
37.03
37.03
37.03
37.03
37.27
37.27
37.27
37.27
35.23
35.23
35.23
35.52
35.52
35.52
35.52
35.52
35.3
35.3
35.3
35.3
35.38
35.38
35.38
35.38
35.38
35.6
35.6
35.6
35.6
35.75
35.75
35.75
35.75
35.75
35.6
35.6
358
50.58
49.58
49.58
49.58
49.58
48.58
48.58
48.58
48.58
48.58
47.99
47.99
47.99
47.99
46.7
46.7
46.7
46.7
46.7
44.72
44.72
44.72
44.72
44.46
43.32
43.32
43.32
43.32
418
49.18
49.18
49.18
51
51
51
51
51
51
51
51
51
49.39
39.72
49.72
49.18
49.18
49.18
49.18
48.36
48.36
48.36
48.36
48.36
48.36
48.36
48.36
45.53
45.53
45.53
45.53
45.38
45.38
45.38
45.38
45.38
44.1
44.1
44.1
44.1
44.24
44.24
44.24
44.24
44.24
40.15
40.15
40.15
40.15
42.69
42.69
42.69
42.69
42.69
39.04
39
41.04
41.04
41.04
41.04
41.04
41.04
41.04
41.04
41.04
41.04
41.04
41.04
41.04
41.04
0.19
43.82
43.82
43.82
43.82
43.82
44.22
44.22