301.43
301.43
301.43
303.37
303.37
303.37
303.37
304.76
304.76
304.76
304.76
315.52
314.71
314.71
314.71
314.71
314.71
314.71
314.71
314.71
314.24
314.24
314.24
314.36
314.36
315.23
315.23
315.23
315.23
315.55
315.55
315.55
315.55
315.35
315.35
315.12
315.12
315.12
315.12
315.12
315.12
315.12
315.12
315.12
315.12
315.12
315.12
312.76
312.76
312.76
312.99
312.99
312.99
312.99
312.86
312.86
312.86
312.86
316.32
316.32
316.32
316.32
316.32
316.32
314.17
314.17
314.17
314.17
313.57
313.57
309.1
308.32
308.32
308.32
308.32
308.18
308.18
308.18
308.18
308.18
308.18
308.18
313.61
313.61
313.61
309.89
309.18
309.18
309.18
316.22
316.22
316.22
316.22
314.99
314.2
310.2
309.81
309.81
309.81
309.81
309.81
309.81
309.81
309.81
309.81
309.81
309.81
311.28
311.28
311.28
311.28
311.28
311.28
311.28
311.28
311.28
311.28
311.28
311.28
311.18
324.4
324.4
324.4
324.4
319.54
319.54
319.54
319.54
319.62
319.62
319.62
320.18
320.18
320.18
320.18
320.18
320.18
320.18
320.18
320.18
320.18
320.18
320.18
328.67
328.67
323.49
323.49
323.49
323.49
318.18
318.18
318.18
318.18
318.29
318.29
318.95
317.95
317.95
317.92
317.92
317.92
317.92
318.51
318.51
318.51
318.51
318.12
318.61
318.61
318.61
318.61
318.61
318.61
318.61
318.61
318.61
318.61
318.61
318.61
317.88
317.88
317.88
317.88
317.34
317.34
317.34
317.34
317.1
317.1
317.1
317.1
316.17
316.17
316.17
316.17
316.17
316.17
316.17
316.17
316.17
316.17
315.26
315.74
315.74
315.74
316.18
316.09
316.09
316.09
316.46
316.46
316.46
316.46
316.9
316.9
318.82
318.82
318.82
318.82
319.8
319.8
319.8
319.8
320.1
320.1
320.1
321.73
321.73
321.73
321.73
321.73
321.73
321.73
321.73
321.73
321.73
321.73
321.73
321.73
321.73
321.73
323.06
323.06
323.06
323.06
322.78
322.78
322.78
322.78
322.63
321.05
321.05
320.61
320.61
320.61
320.61
319.74
319.74
319.74
319.74
318.45
318.45
316.66
316.66
316.66
316.66
316.66
316.66
316.66
316.66
313.71
314.15
314.15
314.15
313.44
313.44
313.44
313.44
313.77
313.77
313.77
313.77
313.52
313.52
313.52
313.52
321.78
321.78
323.57
323.57
323.57
323.57
317.32
317.32
317.32
317.32
318.26
319.57
319.57
319.57
319.57
319.57
319.57
319.57
319.57
319.57
319.57
319.57
319.57
319.93
319.93
319.93
319.93
319.18
319.18
319.18
319.18
323.27
323.27
323.27
323.27
317.26
317.26
317.26
317.26
316.52
316.52
316.52
316.52
316.52
316.52
316.52
316.52
316.52
316.52
316.52
316.52
316.52
316.52
316.52
316.52
316.52
316.52
316.52
313.43
313.21
313.21
313.21
312.74
312.86
312.86
312.86
312.05
312.05
312.05
312.05
311.48
311.48
310.33
310.33
310.33
310.33
309.99
309.99
309.99
309.99
310.01
310.01
310.01
310.01
310.23
310.23
310.23
310.23
310.35
310.35
310.35
310.35
310.35
310.35
310.35
310.35
310.35
310.35
310.35
312.27
312.27
312.27
312.27
312.27
312.27
312.27
312.27
312.5
317.42
317.42
312.05
312.05
312.05
312.05
317.83
317.83
317.83
317.83
311.83
311.83
311.94
311.94
311.94
311.94
311.94
311.94
311.94
311.94
313.77
312.99
312.99
312.99
313.71
313.49
313.49
313.49
314.33
314.33
314.33
314.33
314.33
314.33
314.33
314.33
314.17
314.17
314.28
314.28
314.28
314.28
314.02
314.02
314.02
314.02
319.7
319.7
319.7
319.7
319.7
319.7
319.7
319.7
319.7
319.7
319.7
319.7
319.7
319.7
317.3
317.94
317.94
317.94
317.94
318
318
318
318
318.47
318.47
318.47
323.9
323.9
323.9
323.9
324.65
324.65
324.65
324.65
316.02
316.02
316.02
316.02
315.53
315.53
315.53
315.53
315.53
315.53
315.53
315.53
315.53
315.53
315.53
315.53
315.53
315.53
315.53
312.68
313.17
313.17
313.17
312.67
312.79
312.79
312.79
312.17
312.17
312.17
312.17
312.17
312.17
312.17
312.17
312.88
312.88
312.88
312.88
312.75
312.75
321.72
321.72
321.72
321.72
317.2
317.2
317.2
317.2
318.18
318.18
318.18
318.18
318.18
318.18
318.18
318.18
318.18
318.18
318.18
318.18
318.18
318.18
318.18
318.18
318.18
318.18
318.18
318.18
318.18
318.18
318.18
318.18
321.6
321.6
321.6
321.6
321.51
321.51
321.51
321.51
321.16
321.16
321.16
321.16
320.89
320.89
320.89
320.89
320.09
318.39
318.39
317.6
317.6
317.6
317.6
323.31
323.31
323.31
323.31
323.31
323.31
323.31
323.31
323.31
323.31
323.31
323.31
323.31
323.31
323.31
323.31
323.31
323.31
312.97
312.97
312.97
313.19
313.19
313.19
313.19
313.63
313.63
313.63
313.63
315.88
315.88
316.58
316.58
316.58
316.58
316.58
316.58
316.58
316.58
316.58
316.58
316.58
316.58
316.58
316.58
316.58
316.58
316.58
316.58
316.58
316.58
316.58
316.58
316.58
316.58
318.78
318.78
318.78
318.78
318.66
318.66
318.66
318.66
318.63
318.63
318.63
318.63
318.23
318.23
318.23
318.23
317.92
317.92
317.92
317.92
317.71
317.71
317.71
317.71
317.21
317.21
317.21
317.21
316.82
316.82
316.82
316.82
316.37
316.37
316.37
316.37
315.38
315.38
315.38
315.38
321.05
321.05
321.05
321.05
321.05
321.05
321.05
321.05
321.05
321.05
321.05
321.05
321.05
321.05
321.05
314.65
316.52
316.52
316.52
310.79
309.34
309.93
309.93
309.93
309.93
310.07
310.07
310.07
310.07
310.3
310.3
310.3
310.3
310.85
310.85
310.85
310.85
311.83
311.83
311.83
311.83
312.16
312.16
312.16
312.16
313.05
313.05
313.05
313.05
313.05
313.05
313.05
313.05
313.05
313.05
313.05
313.05
313.05
313.05
313.05
313.05
313.05
313.05
313.05
313.05
313.05
313.05
313.05
313.05
317.17
317.17
317.17
316.97
316.97
316.97
316.97
316.87
316.87
316.87
316.87
316.25
316.25
316.25
316.25
316.66
316.66
316.66
316.66
316.36
316.36
316.36
316.36
316.15
316.06
316.06
316.06
316.06
315.06
316.1
316.1
316.1
315.86
316.06
316.06
316.06
316.67
316.67
316.67
316.67
317.09
317.09
317.09
317.09
317.14
317.14
317.14
317.14
317.77
317.77
317.77
317.77
318.4
318.4
318.4
318.4
318.8
318.8
318.8
318.8
319.26
319.26
319.26
319.26
319.88
319.88
319.88
319.88
320.41
320.41
320.41
320.41
321.1
321.1
321.1
321.1
321.1
321.1
321.1
321.1
321.1
321.1
321.1
321.1
321.1
321.1
321.1
321.1
321.1
321.1
321.1
321.1
321.1
321.1
321.1
321.1
322.4
322.4
322.4
322.4
322.1
322.1
322.1
322.1
321.57
321.57
321.57
321.57
321.03
321.03
321.03
321.03
320.72
320.72
320.72
320.72
320.41
320.41
320.41
320.41
319.71
319.71
319.71
319.71
320.18
320.18
320.18
320.18
319.63
319.63
319.63
319.63
320.02
320.02
320.02
320.02
319.39
319.39
319.39
319.39
319.39
319.39
319.39
319.39
319.39
319.39
319.39
319.39
319.39
319.39
319.39
326.8
327.5
327.5
327.5
321.16
319.61
319.61
319.61
319.69
319.69
319.69
319.69
319.69
319.69
319.69
319.69
319.21
319.21
319.21
319.21
318.89
318.89
318.89
318.89
318.03
318.03
318.03
318.03
317.33
317.33
317.33
317.33
316.95
316.95
316.95
316.95
316.13
316.13
316.13
316.13
315.96
315.96
315.96
315.96
315.17
315.17
315.17
315.17
315.17
315.17
315.17
315.17
315.17
315.17
315.17
320.98
320.98
320.98
320.98
316.95
316.95
316.95
316.95
317.3
317.3
317.3
317.3
318.26
318.26
318.26
318.26
319.4
319.4
319.4
319.4
320.02
320.02
320.02
320.02
320.75
320.75
320.75
320.75
321.26
321.26
321.26
321.26
322.3
322.3
322.3
322.3
322.26
322.26
322.26
322.26
322.37
322.37
322.37
322.37
322.37
322.37
322.37
322.37
322.37
322.37
322.37
322.37
322.37
322.37
322.37
321.84
321.76
321.76
321.76
321.23
321.39
321.39
321.39
320.1
320.1
320.1
320.1
319.42
319.42
319.42
319.42
318.75
318.75
318.75
318.75
318.09
318.09
318.09
318.09
317.2
317.2
317.2
317.2
316.57
316.57
316.57
316.57
316.29
316.29
316.29
316.29
316.39
316.39
316.39
316.39
316.25
316.25
316.25
316.25
316.15
316.15
316.15
316.15
316.15
316.15
316.15
316.15
316.15
316.15
316.15
316.15
316.15
316.15
316.15
316.15
316.15
316.15
316.15
316.15
316.15
316.15
316.15
316.15
326.86
326.86
326.86
326.86
317.11
317.11
317.11
317.11
322.09
322.09
322.09
322.09
316.87
316.87
316.87
316.87
317.12
317.12
317.12
317.12
316.92
316.92
316.92
316.92
316.77
316.77
316.77
316.77
316.16
316.16
316.16
316.16
315.91
315.91
315.91
315.91
315.42
315.42
315.42
315.42
314.82
314.82
314.82
314.82
314.82
314.82
314.82
314.82
314.82
314.82
314.82
314.82
314.82
314.82
314.82
314.82
314.82
314.82
314.82
317.32
318.09
318.09
318.09
311.94
311
311
311
316.24
316.24
316.24
316.24
315.32
315.32
315.32
315.32
309.96
309.96
309.96
309.96
309.71
309.71
309.71
309.71
309.49
309.49
309.49
309.49
309.1
309.1
309.1
309.1
308.61
308.61
308.61
308.61
308.44
308.44
308.44
308.44
307.47
307.47
307.47
307.47
307.47
307.47
307.47
307.47
307.47
307.47
307.47
307.47
307.47
307.47
307.47
307.47
307.47
307.47
307.47
307.47
307.47
307.47
307.47
307.47
307.47
307.47
307.47
307.47
305.38
305.38
305.38
305.38
305.08
305.08
305.08
305.08
305.52
305.52
305.52
305.52
305.22
305.22
305.22
305.22
306.31
306.31
306.31
306.31
306.45
306.45
306.45
306.45
306.64
306.64
306.64
306.64
307.26
307.26
307.26
307.26
308.31
308.31
308.31
308.31
308.78
308.78
308.78
308.78
308.78
308.78
308.78
308.78
308.78
308.78
308.78
308.78
308.78
308.78
308.78
308.78
308.78
308.78
308.78
312.64
313.09
313.09
313.09
313.79
313.9
313.9
313.9
320.58
320.58
320.58
320.58
315.56
315.56
315.56
315.56
315.94
315.94
315.94
315.94
315.83
315.83
315.83
315.83
315.83
315.83
315.83
315.83
315.63
315.63
315.63
315.63
315.59
315.59
315.59
315.59
315
315
315
315
314.9
314.9
314.9
314.9
314.9
314.9
314.9
314.9
314.9
314.9
314.9
314.9
314.9
314.9
314.9
314.9
314.9
314.9
314.9
314.9
314.9
314.9
314.9
314.9
312.99
312.99
312.99
312.99
318.09
318.09
318.09
318.09
311.81
311.81
311.81
311.81
311.34
311.34
311.34
311.34
311.34
311.34
311.34
311.34
310.75
310.75
310.75
310.75
310.26
310.26
310.26
310.26
310.28
310.28
310.28
310.28
310.28
310.28
310.28
310.28
310.15
310.15
310.15
310.15
309.82
309.82
309.82
309.82
309.82
309.82
309.82
309.82
309.82
309.82
309.82
309.82
309.82
309.82
309.82
309.59
309.46
309.46
309.46
309.46
309.33
309.33
309.33
308.74
308.74
308.74
308.74
308.61
308.61
308.61
308.61
314.63
314.63
314.63
314.63
308.15
308.15
308.15
308.15
308.28
308.28
308.28
308.28
313.44
313.44
313.44
313.44
308.58
308.58
308.58
308.58
309.29
309.29
309.29
309.29
309.99
309.99
309.99
309.99
311.14
311.14
311.14
311.14
311.14
311.14
311.14
311.14
311.14
311.14
311.14
311.14
311.14
311.14
311.14
311.14
311.14
311.14
311.14
311.14
311.14
311.14
311.14
311.14
317.29
317.29
317.29
317.29
321.85
321.85
321.85
321.85
317.38
317.38
317.38
317.38
323.45
323.45
323.45
323.45
318.55
318.55
318.55
318.55
319.47
319.47
319.47
319.47
318.77
318.77
318.77
318.77
318.84
318.84
318.84
318.84
318.75
318.75
318.75
318.75
318.56
318.56
318.56
318.56
318.38
318.38
318.38
318.38
318.38
318.38
318.38
318.38
318.38
318.38
318.38
318.38
318.38
318.38
318.38
318.38
318.38
318.38
318.38
316.37
316.67
316.67
316.67
317.41
317.5
317.5
317.5
315.9
315.9
315.9
315.9
315.52
315.52
315.52
315.52
320.02
320.02
320.02
320.02
314.68
314.68
314.68
314.68
314.55
314.55
314.55
314.55
314.45
314.45
314.45
314.45
314.21
314.21
314.21
314.21
314.21
314.21
314.21
314.21
314.21
314.21
314.21
314.21
314.21
314.21
314.21
314.21
314.21
314.21
314.21
314.21
314.21
314.21
314.21
314.21
314.21
314.21
314.21
314.21
314.21
314.21
314.21
314.21
314.44
314.44
314.44
314.44
314.68
314.68
314.68
314.68
315.06
315.06
315.06
315.06
315.81
315.81
315.81
315.81
316.41
316.41
316.41
316.41
317.02
317.02
317.02
317.02
317.37
317.37
317.37
317.37
317.46
317.46
317.46
317.46
317.66
317.66
317.66
317.66
317.5
317.5
317.5
317.5
317.54
317.54
317.54
317.54
317.54
317.54
317.54
317.54
317.54
317.54
317.54
317.54
317.54
317.54
317.54
316.82
317.56
317.56
317.56
317.8
317.88
317.88
317.88
318.76
318.76
318.76
318.76
321.29
321.29
321.29
321.29
319.55
319.55
319.55
319.55
320.42
320.42
320.42
320.42
321.22
321.22
321.22
321.22
321.53
321.53
321.53
321.53
322.36
322.36
322.36
322.36
322.39
322.39
322.39
322.39
322.56
322.56
322.56
322.56
322.92
322.92
322.92
322.92
322.92
322.92
322.92
322.92
322.92
322.92
322.92
322.92
322.92
322.92
322.92
322.92
322.92
322.92
322.92
322.92
322.92
322.92
322.92
322.92
319.93
319.93
319.93
319.93
318.86
318.86
318.86
318.86
317.79
317.79
317.79
317.79
316.67
316.67
316.67
316.67
323.43
323.43
323.43
323.43
315.09
315.09
315.09
315.09
319.56
319.56
319.56
319.56
319.11
319.11
319.11
319.11
313.7
313.7
313.7
313.7
313.69
313.69
313.69
313.69
313.89
313.89
313.89
313.89
313.89
313.89
313.89
313.89
313.89
313.89
313.89
313.89
313.89
313.89
313.89
316.59
316.4
316.4
316.4
317.8
317.71
317.71
317.71
318.48
318.48
318.48
318.48
319.61
319.61
319.61
319.61
320.43
320.43
320.43
320.43
327.15
327.15
327.15
327.15
322.15
322.15
322.15
322.15
327.62
327.62
327.62
327.62
321.65
321.65
321.65
321.65
320.97
320.97
320.97
320.97
320.53
320.53
320.53
320.53
319.74
319.74
319.74
319.74
319.74
319.74
319.74
319.74
319.74
319.74
319.74
319.74
319.74
319.74
319.74
319.74
319.74
319.74
319.74
319.74
319.74
319.74
319.74
319.74
317.66
317.66
317.66
317.66
317.41
317.41
317.41
317.41
317.41
317.41
317.41
317.41
319.84
319.84
319.84
319.84
317.46
317.46
317.46
317.46
317.52
317.52
317.52
317.52
317.58
317.58
317.58
317.58
316.97
316.97
316.97
316.97
316.25
316.25
316.25
316.25
316.3
316.3
316.3
316.3
315.78
315.78
315.78
315.78
315.78
315.78
315.78
315.78
315.78
315.78
315.78
315.78
315.78
315.78
315.78
315.78
315.78
315.78
315.78
313.52
313.86
313.86
313.86
313.37
313.71
313.71
313.71
314.17
314.17
314.17
314.17
314.63
314.63
314.63
314.63
315.42
315.42
315.42
315.42
316.34
316.34
316.34
316.34
317.39
317.39
317.39
317.39
318.61
318.61
318.61
318.61
319.77
319.77
319.77
319.77
320.93
320.93
320.93
320.93
321.79
321.79
321.79
321.79
322.49
322.49
322.49
322.49
322.49
322.49
322.49
322.49
322.49
322.49
322.49
322.49
322.49
322.49
322.49
322.49
322.49
322.49
322.49
322.49
322.49
322.49
322.49
322.49
323.14
323.14
323.14
323.14
322.24
322.24
322.24
322.24
320.89
320.89
320.89
320.89
319.65
319.65
319.65
319.65
324.78
324.78
324.78
324.78
323.25
323.25
323.25
323.25
315.38
315.38
315.38
315.38
314.28
314.28
314.28
314.28
312.98
312.98
312.98
312.98
312.39
312.39
312.39
312.39
311.6
311.6
311.6
311.6
311.6
311.6
311.6
311.6
311.6
311.6
311.6
311.6
311.6
311.6
311.6
310.49
310.13
310.13
310.13
310.13
310.01
310.01
310.01
310.21
310.21
310.21
310.21
310.32
310.32
310.32
310.32
310.53
310.53
310.53
310.53
310.64
310.64
310.64
310.64
316.96
316.96
316.96
316.96
311.7
311.7
311.7
311.7
317.35
317.35
317.35
317.35
318.09
318.09
318.09
318.09
312.29
312.29
312.29
312.29
312.76
312.76
312.76
312.76
312.76
312.76
312.76
312.76
312.76
312.76
312.76
312.76
312.76
312.76
312.76
312.76
312.76
312.76
312.76
312.76
312.76
312.76
312.76
312.76
316.96
316.96
316.96
316.96
317.54
317.54
317.54
317.54
318.37
318.37
318.37
318.37
319.35
319.35
319.35
319.35
325.04
325.04
325.04
325.04
327.51
327.51
327.51
327.51
322.02
322.02
322.02
322.02
323.22
323.22
323.22
323.22
324.2
324.2
324.2
324.2
325.54
325.54
325.54
325.54
325.54
325.54
325.54
325.54
325.54
325.54
325.54
325.54
325.54
325.54
325.54
325.54
325.54
325.54
325.54
327.1
327.31
327.31
327.31
326.8
326.85
326.85
326.85
326.2
326.2
326.2
326.2
326.2
326.2
326.2
326.2
326.25
326.25
326.25
326.25
326.12
326.12
326.12
326.12
326.17
326.17
326.17
326.17
326.22
326.22
326.22
326.22
326.33
326.33
326.33
326.33
327.31
327.31
327.31
327.31
327.55
327.55
327.55
327.55
327.55
327.55
327.55
327.55
327.55
327.55
327.55
327.55
327.55
327.55
327.55
327.55
327.55
327.55
327.55
327.55
327.55
327.55
327.55
327.55
327.55
327.55
327.55
327.55
328.68
328.68
328.68
328.68
327.82
327.82
327.82
321.17
321.17
321.17
321.17
321.61
321.61
321.61
321.61
321.55
321.55
321.55
321.55
321.84
321.84
321.84
321.84
321.51
321.51
321.51
321.51
332.46
332.46
332.46
332.46
320.9
320.9
320.9
320.9
320.9
320.9
320.9
320.9
320.9
320.9
320.9
320.9
320.9
320.9
320.9
320.9
320.9
320.9
320.9
320.9
320.9
320.9
320.9
320.9
314.84
314.84
314.84
314.84
314.11
314.11
314.11
314.11
313.74
313.74
313.74
313.74
313.72
313.72
313.72
313.72
314.43
314.43
314.43
314.43
315.26
315.26
315.26
315.26
316.11
316.11
316.11
316.11
322.03
322.03
322.03
322.03
318.51
318.51
318.51
318.51
319.57
319.57
319.57
319.57
326.61
326.61
326.61
326.61
326.61
326.61
326.61
326.61
326.61
326.61
326.61
326.61
326.61
326.61
326.61
324.52
323.06
323.06
323.06
322.81
322.6
322.6
322.6
322.2
322.2
322.2
322.2
321.61
321.61
321.61
321.61
320.61
320.61
320.61
320.61
319.76
316.96
316.96
316.19
316.19
316.19
316.19
315.35
315.35
315.35
315.35
314.53
314.53
314.53
314.53
314.53
314.53
314.53
314.53
314.53
314.53
314.53
314.53
314.53
314.53
314.53
314.53
314.53
314.53
314.53
314.53
314.53
314.53
314.53
314.53
315.51
315.51
315.51
315.51
316
316
316
316
316.59
316.59
316.59
316.59
317.42
317.42
317.42
317.42
318.5
318.5
318.5
318.5
319.29
319.29
319.29
319.29
320.18
320.18
320.18
320.18
321.01
321.01
321.01
321.01
321.61
321.61
321.61
321.61
327.61
327.61
327.61
327.61
327.61
327.61
327.61
327.61
327.61
327.61
327.61
327.61
327.61
327.61
327.61
327.61
327.61
319.55
318.72
318.72
318.72
318.72
317.98
317.98
317.98
317.98
317.43
317.43
317.43
317.43
317.38
317.38
317.38
317.38
317.84
317.84
317.84
317.84
317.95
317.95
317.95
317.95
318.61
318.61
318.61
318.61
320.25
320.25
320.25
320.25
320.25
320.25
320.25
320.25
320.25
320.25
320.25
327.82
327.82
327.82
327.82
328.59
328.59
328.59
328.59
329.36
329.36
329.36
329.36
329.95
329.95
329.95
329.95
329.75
329.75
329.75
329.75
328.98
328.98
328.98
328.98
328.8
328.8
328.8
328.8
327.9
327.9
327.9
327.9
327.47
327.47
327.47
327.47
326.39
326.39
326.39
326.39
325.25
325.25
325.25
325.25
325.25
325.25
325.25
325.25
325.25
325.25
325.25
325.25
325.25
325.25
325.25
320.01
320.67
320.67
320.67
319.21
319.46
319.46
319.46
319
319
319
319
318.4
318.4
318.4
318.4
318.12
318.12
318.12
318.12
318.17
318.17
318.17
318.17
318.33
318.33
318.33
318.33
318.65
318.65
318.65
318.65
319.75
319.75
319.75
319.75
320.47
320.47
320.47
320.47
321.55
321.55
321.55
321.55
322.92
322.92
322.92
322.92
322.92
322.92
322.92
322.92
322.92
322.92
329.04
329.66
329.66
329.66
329.66
329.62
329.62
329.62
329.62
330.25
330.25
330.25
330.25
330.22
330.22
330.22
330.22
330.38
330.38
330.38
330.38
330.28
330.28
330.28
330.28
330.04
330.04
330.04
330.04
329.76
329.76
329.76
329.76
330.04
330.04
330.04
330.04
329.03
329.03
329.03
329.03
329.03
329.03
329.03
329.03
329.03
329.03
329.03
329.03
329.03
329.03
329.03
331.95
332.22
332.22
332.22
333.64
333.76
333.76
333.76
325.17
325.17
325.17
325.17
323.87
323.87
323.87
323.87
323.34
323.34
323.34
323.34
322.03
322.03
322.03
322.03
321.1
321.1
321.1
321.1
320.49
320.49
320.49
320.49
319.79
319.79
319.79
319.79
319.4
319.4
319.4
319.4
319.31
319.31
319.31
319.31
319.31
319.31
319.31
319.31
319.31
319.31
319.31
319.31
319.31
319.31
319.31
319.31
319.31
319.31
319.31
319.31
319.31
319.31
319.31
319.31
320.34
320.34
320.34
320.34
320.5
320.5
320.5
320.5
320.74
320.74
320.74
320.74
320.65
320.65
320.65
320.65
320.73
320.73
320.73
320.73
320.73
320.73
320.73
320.73
320.41
320.41
320.41
320.41
320.8
320.8
320.8
320.8
320.57
320.57
320.57
320.57
321.18
321.18
321.18
321.18
321.18
321.18
321.18
321.18
321.18
321.18
321.18
321.18
321.18
321.18
321.18
321.18
321.18
321.18
321.18
322.1
322.44
322.44
322.44
322.9
322.97
322.97
322.97
323.59
323.59
323.59
323.59
323.53
323.53
323.53
323.53
324.7
324.7
324.7
324.7
325.24
325.24
325.24
325.24
325.3
325.3
325.3
325.3
325.87
325.87
325.87
325.87
326.25
326.25
326.25
326.25
327.1
327.1
327.1
327.1
326.95
326.95
326.95
326.95
326.95
326.95
326.95
326.95
326.95
326.95
326.95
323.39
323.39
323.39
323.39
327.42
327.42
327.42
327.42
321.04
321.04
321.04
321.04
325.92
325.92
325.92
325.92
319.85
319.85
319.85
319.85
319.71
319.71
319.71
319.71
317.97
317.97
317.97
317.97
317.82
317.82
317.82
317.82
317.43
317.43
317.43
317.43
317.29
317.29
317.29
317.29
317.29
317.52
317.34
317.34
317.34
317.58
317.49
317.49
317.49
317.64
317.64
317.64
317.64
317.54
317.54
317.54
317.54
323.2
323.2
323.2
323.2
317.2
317.2
317.2
317.2
316.96
316.96
316.96
316.96
322.39
322.39
322.39
322.39
316.63
316.63
316.63
316.63
316.24
316.24
316.24
316.24
316.19
316.19
316.19
316.19
316.19
316.19
316.19
316.19
316.19
316.19
316.19
316.19
316.19
316.19
316.19
316.19
316.19
316.19
316.19
316.19
316.19
316.19
316.19
316.19
316.91
316.91
316.91
316.91
316.91
316.91
316.91
316.91
317.35
319.35
319.35
318.84
318.84
318.84
318.84
318.25
318.25
318.25
318.25
318.25
315.9
316.1
316.1
316.1
315.52
315.52
315.52
315.52
315.42
315.42
315.42
315.42
315.12
315.12
315.12
315.12
318.46
318.46
318.46
318.46
321.35
321.35
321.35
321.35
318.32
318.32
318.32
318.32
318.32
318.32
318.32
318.32
318.32
318.32
318.32
318.32
318.32
318.32
318.32
318.32
318.32
318.32
318.32
318.32
318.32
318.32
318.32
321.41
321.41
321.41
321.41
321.64
321.64
321.64
321.64
321.87
321.87
321.87
321.87
322.03
322.03
322.03
322.03
322.13
322.13
322.13
322.13
324.52
324.52
324.52
324.52
327.97
327.97
321.99
321.99
321.99
321.99
321.99
321.99
321.99
321.99
321.99
321.99
321.99
321.99
321.99
321.99
321.99
321.99
321.99
321.99
321.99
320.1
320.03
320.03
320.03
319.56
318.57
318.57
318.4
318.4
318.4
318.4
318.26
318.26
318.26
318.26
318.32
318.32
318.53
318.53
318.53
318.53
318.53
318.53
318.53
318.53
318.53
318.53
318.53
318.53
318.53
318.53
318.53
318.53
318.53
318.53
318.53
318.53
318.53
317.8
317.8
317.8
316.13
316.13
316.13
316.32
316.32
316.32
316.32
315.96
315.96
315.96
315.96
323.36
323.36
323.36
323.36
323.36
323.36
323.36
323.36
323.36
323.36
323.36
323.36
323.36
321.99
320.98
320.98
320.98
321.7
321.48
321.48
321.48
321.82
321.82
321.82
322.07
322.07
322.07
322.07
321.65
321.65
321.65
321.65
321.31
321.31
321.31
321.31
327.04
327.04
327.04
327.04
319.75
319.75
319.75
319.75
325.09
325.09
325.09
325.09
325.09
325.09
325.09
325.09
325.09
325.09
325.09
325.09
325.09
325.09
325.09
325.09
325.09
325.09
325.09
325.09
325.09
325.09
325.09
325.09
312.27
312.27
312.27
312.27
311.94
311.95
311.84
311.84
311.84
311.84
312.05
312.05
312.05
312.05
313.27
313.27
313.27
313.27
312.28
312.28
312.28
312.28
312.86
312.86
312.86
312.86
312.86
312.86
312.86
314
314
314
314.56
314.56
314.56
314.56
315.14
315.14
315.14
315.14
315.26
315.26
315.26
315.26
315.93
315.93
315.93
315.93
315.93
315.93
315.93
315.93
316.04
316.04
316.04
316.04
316.06
316.06
316.06
316.06
315.08
315.08
315.08
315.08
314.77
314.77
314.77
314.77
314.11
314.11
314.11
314.11
314.11
314.11
314.11
314.11
314.11
314.11
313.19
313.19
313.19
313.19
313.52
313.52
313.52
313.52
313.98
313.98
313.98
313.98
314.58
314.58
314.58
314.58
315.42
315.42
315.42
315.42
315.9
315.9
315.9
315.9
317.37
317.37
317.37
317.37
317.37
317.37
317.37
317.37
317.37
317.37
317.37
317.37
315.52
315.38
315.38
315.38
315.38
314.63
314.63
314.63
314.63
314.5
314.5
314.5
312.96
312.96
312.96
312.96
312.84
312.84
312.84
312.84
312.95
312.95
312.95
312.95
311.6
311.6
311.82
311.82
311.82
311.82
311.47
311.47
311.47
311.47
311.1
311.1
311.1
311.1
310.99
310.99
310.99
310.99
310.86
310.86
310.86
310.86
311.21
311.21
311.21
311.21
311.21
311.21
311.21
311.21
311.21
311.21
311.21
311.21
311.21
311.21
311.21
312.17
312.17
312.17
312.52
312.52
312.52
312.52
312.74
312.74
312.74
312.74
312.97
312
316
316
312.82
312.82
312.82
312.82
313.56
313.56
313.56
313.56
314.29
325.87
325.87
324.86
324.86
324.86
324.86
323.61
323.61
323.61
323.61
323.06
323.06
319.19
319.19
319.19
319.19
319.19
318.7
318.7
318.7
318.7
318.12
318.12
318.12
318.12
317.88
317.88
317.88
317.88
317.06