0.260984456
0.860984456
0.860984456
0.860984456
2.180984456
2.180984456
2.180984456
2.180984456
2.180984456
2.180984456
2.180984456
2.180984456
2.180984456
2.180984456
2.180984456
1.650984456
-7.429015544
-7.429015544
-7.429015544
-8.449015544
-8.449015544
-8.449015544
-8.449015544
-7.089015544
-7.089015544
-7.089015544
-7.089015544
46.60098446
-3.399015544
-3.399015544
-3.399015544
-3.399015544
-3.399015544
-8.039015544
-8.039015544
-8.039015544
-8.209015544
-8.609015544
-8.609015544
-8.609015544
-2.159015544
-2.159015544
-2.159015544
-2.159015544
-2.159015544
-2.159015544
-2.159015544
-2.159015544
-2.159015544
-2.159015544
4.830984456
4.830984456
4.830984456
4.830984456
5.570984456
5.570984456
5.570984456
5.570984456
6.560984456
6.560984456
6.560984456
6.560984456
7.380984456
7.380984456
-2.129015544
-2.129015544
-0.109015544
-0.109015544
-0.109015544
-0.109015544
2.010984456
2.010984456
2.010984456
2.010984456
3.530984456
3.530984456
3.530984456
3.530984456
3.530984456
3.530984456
3.530984456
3.530984456
3.530984456
3.530984456
3.530984456
3.530984456
3.530984456
3.530984456
3.530984456
5.920984456
10.47098446
10.47098446
10.47098446
11.57098446
11.81098446
11.81098446
11.81098446
13.19098446
13.19098446
13.19098446
2.530984456
2.530984456
2.530984456
3.400984456
3.400984456
3.400984456
3.400984456
4.270984456
4.270984456
4.270984456
4.270984456
5.060984456
5.060984456
5.060984456
5.060984456
5.380984456
5.380984456
5.380984456
5.380984456
5.550984456
5.550984456
5.550984456
5.550984456
6.300984456
3.550984456
0.300984456
0.300984456
0.300984456
0.300984456
0.980984456
0.980984456
0.980984456
0.980984456
0.980984456
0.980984456
0.980984456
0.980984456
0.980984456
0.980984456
0.980984456
0.980984456
0.980984456
0.980984456
0.980984456
0.980984456
0.980984456
0.980984456
0.980984456
1.420984456
3.080984456
3.080984456
3.080984456
3.080984456
3.400984456
3.400984456
3.400984456
3.630984456
3.630984456
3.630984456
3.630984456
3.950984456
3.950984456
3.950984456
3.950984456
3.950984456
3.950984456
3.950984456
3.950984456
4.430984456
4.430984456
4.430984456
4.430984456
5.060984456
5.060984456
5.060984456
5.060984456
5.310984456
5.310984456
5.310984456
5.310984456
9.550984456
9.550984456
9.550984456
9.550984456
10.72098446
10.72098446
10.72098446
10.72098446
17.63098446
17.63098446
17.63098446
17.63098446
17.63098446
17.63098446
17.63098446
17.63098446
17.63098446
17.63098446
17.63098446
17.63098446
17.63098446
17.63098446
17.63098446
17.63098446
17.63098446
17.63098446
17.63098446
17.63098446
17.63098446
17.63098446
17.63098446
16.19098446
-3.809015544
-3.809015544
-3.809015544
-5.269015544
-5.269015544
-5.269015544
-5.269015544
-6.969015544
-6.969015544
-6.969015544
-6.969015544
-10.02901554
-10.02901554
-11.20901554
-11.20901554
-11.20901554
-11.20901554
-11.20901554
-11.20901554
-11.20901554
-11.20901554
-11.20901554
-11.20901554
-11.20901554
-11.20901554
-11.20901554
-11.20901554
-11.20901554
-11.20901554
-11.20901554
-11.20901554
-11.20901554
-15.11901554
-12.85901554
-12.85901554
-12.85901554
-13.15901554
-13.15901554
-13.15901554
-13.15901554
-13.60901554
-13.60901554
-13.60901554
-13.60901554
-13.60901554
-13.60901554
-13.60901554
-13.60901554
-13.15901554
-13.15901554
-13.15901554
-13.15901554
-13.75901554
-13.75901554
-13.75901554
-13.75901554
-14.34901554
-14.34901554
-14.34901554
-14.34901554
-13.90901554
-13.90901554
-13.90901554
-13.90901554
-13.60901554
-13.60901554
-13.60901554
-13.60901554
-13.89901554
-13.89901554
-13.89901554
-13.89901554
-13.17901554
-13.17901554
-13.17901554
-13.17901554
-13.17901554
-13.17901554
-13.17901554
-13.17901554
-13.17901554
-13.17901554
-13.17901554
-13.17901554
-13.17901554
-13.17901554
-13.17901554
-13.17901554
-13.17901554
-13.17901554
-13.17901554
-13.17901554
-13.17901554
-13.17901554
-13.17901554
-13.17901554
-7.129015544
-7.129015544
-7.129015544
-7.129015544
-5.829015544
-5.829015544
-5.829015544
-5.829015544
-4.779015544
-4.779015544
-4.779015544
-4.779015544
-3.929015544
-3.929015544
-3.929015544
-3.929015544
-1.919015544
-1.919015544
-1.919015544
-1.919015544
-1.079015544
-1.079015544
-1.079015544
-1.079015544
-0.119015544
-0.119015544
-0.119015544
-0.119015544
0.510984456
0.510984456
0.510984456
0.510984456
1.540984456
1.540984456
1.540984456
1.540984456
7.130984456
7.130984456
7.130984456
7.130984456
8.290984456
8.290984456
8.290984456
8.290984456
8.290984456
8.290984456
8.290984456
8.290984456
8.290984456
8.290984456
8.290984456
8.290984456
8.290984456
8.290984456
8.290984456
8.290984456
8.290984456
8.290984456
8.290984456
6.740984456
6.740984456
6.740984456
6.740984456
7.500984456
7.500984456
7.500984456
7.500984456
7.390984456
7.390984456
7.390984456
7.390984456
7.600984456
7.600984456
7.600984456
7.600984456
7.600984456
7.600984456
7.600984456