-2.487723214
-2.487723214
-2.487723214
-2.487723214
-2.487723214
5.082276786
5.082276786
5.082276786
5.082276786
5.852276786
5.852276786
5.852276786
5.852276786
6.622276786
6.622276786
6.622276786
6.622276786
7.212276786
7.212276786
7.212276786
7.212276786
7.012276786
7.012276786
7.012276786
7.012276786
6.242276786
6.242276786
6.242276786
6.242276786
6.062276786
6.062276786
6.062276786
6.062276786
5.162276786
5.162276786
5.162276786
5.162276786
4.732276786
4.732276786
4.732276786
4.732276786
3.652276786
3.652276786
3.652276786
3.652276786
2.512276786
2.512276786
2.512276786
2.512276786
2.512276786
2.512276786
2.512276786
2.512276786
2.512276786
2.512276786
2.512276786
2.512276786
2.512276786
2.512276786
2.512276786
-2.727723214
-2.067723214
-2.067723214
-2.067723214
-3.527723214
-3.277723214
-3.277723214
-3.277723214
-3.737723214
-3.737723214
-3.737723214
-3.737723214
-4.337723214
-4.337723214
-4.337723214
-4.337723214
-4.617723214
-4.617723214
-4.617723214
-4.617723214
-4.567723214
-4.567723214
-4.567723214
-4.567723214
-4.407723214
-4.407723214
-4.407723214
-4.407723214
-4.087723214
-4.087723214
-4.087723214
-4.087723214
-2.987723214
-2.987723214
-2.987723214
-2.987723214
-2.267723214
-2.267723214
-2.267723214
-2.267723214
-1.187723214
-1.187723214
-1.187723214
-1.187723214
0.1822767857
0.1822767857
0.1822767857
0.1822767857
0.1822767857
0.1822767857
0.1822767857
0.1822767857
0.1822767857
0.1822767857
6.302276786
6.922276786
6.922276786
6.922276786
6.922276786
6.882276786
6.882276786
6.882276786
6.882276786
7.512276786
7.512276786
7.512276786
7.512276786
7.482276786
7.482276786
7.482276786
7.482276786
7.642276786
7.642276786
7.642276786
7.642276786
7.542276786
7.542276786
7.542276786
7.542276786
7.302276786
7.302276786
7.302276786
7.302276786
7.022276786
7.022276786
7.022276786
7.022276786
7.302276786
7.302276786
7.302276786
7.302276786
6.292276786
6.292276786
6.292276786
6.292276786
6.292276786
6.292276786
6.292276786
6.292276786
6.292276786
6.292276786
6.292276786
6.292276786
6.292276786
6.292276786
6.292276786
9.212276786
9.482276786
9.482276786
9.482276786
10.90227679
11.02227679
11.02227679
11.02227679
2.432276786
2.432276786
2.432276786
2.432276786
1.132276786
1.132276786
1.132276786
1.132276786
0.6022767857
0.6022767857
0.6022767857
0.6022767857
-0.7077232143
-0.7077232143
-0.7077232143
-0.7077232143
-1.637723214
-1.637723214
-1.637723214
-1.637723214
-2.247723214
-2.247723214
-2.247723214
-2.247723214
-2.947723214
-2.947723214
-2.947723214
-2.947723214
-3.337723214
-3.337723214
-3.337723214
-3.337723214
-3.427723214
-3.427723214
-3.427723214
-3.427723214
-3.427723214
-3.427723214
-3.427723214
-3.427723214
-3.427723214
-3.427723214
-3.427723214
-3.427723214
-3.427723214
-3.427723214
-3.427723214
-3.427723214
-3.427723214
-3.427723214
-3.427723214
-3.427723214
-3.427723214
-3.427723214
-3.427723214
-3.427723214
-2.397723214
-2.397723214
-2.397723214
-2.397723214
-2.237723214
-2.237723214
-2.237723214
-2.237723214
-1.997723214
-1.997723214
-1.997723214
-1.997723214
-2.087723214
-2.087723214
-2.087723214
-2.087723214
-2.007723214
-2.007723214
-2.007723214
-2.007723214
-2.007723214
-2.007723214
-2.007723214
-2.007723214
-2.327723214
-2.327723214
-2.327723214
-2.327723214
-1.937723214
-1.937723214
-1.937723214
-1.937723214
-2.167723214
-2.167723214
-2.167723214
-2.167723214
-1.557723214
-1.557723214
-1.557723214
-1.557723214
-1.557723214
-1.557723214
-1.557723214
-1.557723214
-1.557723214
-1.557723214
-1.557723214
-1.557723214
-1.557723214
-1.557723214
-1.557723214
-1.557723214
-1.557723214
-1.557723214
-1.557723214
-0.6377232143
-0.2977232143
-0.2977232143
-0.2977232143
0.1622767857
0.2322767857
0.2322767857
0.2322767857
0.8522767857
0.8522767857
0.8522767857
0.8522767857
0.7922767857
0.7922767857
0.7922767857
0.7922767857
1.962276786
1.962276786
1.962276786
1.962276786
2.502276786
2.502276786
2.502276786
2.502276786
2.562276786
2.562276786
2.562276786
2.562276786
3.132276786
3.132276786
3.132276786
3.132276786
3.512276786
3.512276786
3.512276786
3.512276786
4.362276786
4.362276786
4.362276786
4.362276786
4.212276786
4.212276786
4.212276786
4.212276786
4.212276786
4.212276786
4.212276786
4.212276786
4.212276786
4.212276786
4.212276786
0.6522767857
0.6522767857
0.6522767857
0.6522767857
4.682276786
4.682276786
4.682276786
4.682276786
-1.697723214
-1.697723214
-1.697723214
-1.697723214
3.182276786
3.182276786
3.182276786
3.182276786
-2.887723214
-2.887723214
-2.887723214
-2.887723214
-3.027723214
-3.027723214
-3.027723214
-3.027723214
-4.767723214
-4.767723214
-4.767723214
-4.767723214
-4.917723214
-4.917723214
-4.917723214
-4.917723214
-5.307723214
-5.307723214
-5.307723214
-5.307723214
-5.447723214
-5.447723214
-5.447723214
-5.447723214
-5.447723214
-5.217723214
-5.397723214
-5.397723214
-5.397723214
-5.157723214
-5.247723214
-5.247723214
-5.247723214
-5.097723214
-5.097723214
-5.097723214
-5.097723214
-5.197723214
-5.197723214
-5.197723214
-5.197723214
0.4622767857
0.4622767857
0.4622767857
0.4622767857
-5.537723214
-5.537723214
-5.537723214
-5.537723214
-5.777723214
-5.777723214
-5.777723214
-5.777723214
-0.3477232143
-0.3477232143
-0.3477232143
-0.3477232143
-6.107723214
-6.107723214
-6.107723214
-6.107723214
-6.497723214
-6.497723214
-6.497723214
-6.497723214
-6.547723214
-6.547723214
-6.547723214
-6.547723214
-6.547723214
-6.547723214
-6.547723214
-6.547723214
-6.547723214
-6.547723214
-6.547723214
-6.547723214
-6.547723214
-6.547723214
-6.547723214
-6.547723214
-6.547723214
-6.547723214
-6.547723214
-6.547723214
-6.547723214
-6.547723214
-6.547723214
-6.547723214
-5.827723214
-5.827723214
-5.827723214
-5.827723214
-5.827723214
-5.827723214
-5.827723214