-4.998826896
-4.998826896
-4.998826896
-4.998826896
-4.998826896
-4.998826896
-4.998826896
-4.998826896
-4.998826896
-4.998826896
-4.998826896
-4.998826896
-4.998826896
-4.998826896
-4.998826896
-4.998826896
-4.998826896
-4.998826896
-4.998826896
-4.998826896
-4.998826896
-4.998826896
-4.998826896
-4.998826896
-4.998826896
-4.998826896
-4.998826896
-4.998826896
-4.998826896
-4.998826896
-4.998826896
-4.998826896
-4.768826896
-4.768826896
-4.768826896
-4.768826896
-4.528826896
-4.528826896
-4.528826896
-4.528826896
-4.148826896
-4.148826896
-4.148826896
-4.148826896
-3.398826896
-3.398826896
-3.398826896
-3.398826896
-2.798826896
-2.798826896
-2.798826896
-2.798826896
-2.188826896
-2.188826896
-2.188826896
-2.188826896
-1.838826896
-1.838826896
-1.838826896
-1.838826896
-1.748826896
-1.748826896
-1.748826896
-1.748826896
-1.548826896
-1.548826896
-1.548826896
-1.548826896
-1.708826896
-1.708826896
-1.708826896
-1.708826896
-1.668826896
-1.668826896
-1.668826896
-1.668826896
-1.668826896
-1.668826896
-1.668826896
-1.668826896
-1.668826896
-1.668826896
-1.668826896
-1.668826896
-1.668826896
-1.668826896
-1.668826896
-2.388826896
-1.648826896
-1.648826896
-1.648826896
-1.408826896
-1.328826896
-1.328826896
-1.328826896
-0.4488268956
-0.4488268956
-0.4488268956
-0.4488268956
2.081173104
2.081173104
2.081173104
2.081173104
0.3411731044
0.3411731044
0.3411731044
0.3411731044
1.211173104
1.211173104
1.211173104
1.211173104
2.011173104
2.011173104
2.011173104
2.011173104
2.321173104
2.321173104
2.321173104
2.321173104
3.151173104
3.151173104
3.151173104
3.151173104
3.181173104
3.181173104
3.181173104
3.181173104
3.351173104
3.351173104
3.351173104
3.351173104
3.711173104
3.711173104
3.711173104
3.711173104
3.711173104
3.711173104
3.711173104
3.711173104
3.711173104
3.711173104
3.711173104
3.711173104
3.711173104
3.711173104
3.711173104
3.711173104
3.711173104
3.711173104
3.711173104
3.711173104
3.711173104
3.711173104
3.711173104
3.711173104
0.7211731044
0.7211731044
0.7211731044
0.7211731044
-0.3488268956
-0.3488268956
-0.3488268956
-0.3488268956
-1.418826896
-1.418826896
-1.418826896
-1.418826896
-2.538826896
-2.538826896
-2.538826896
-2.538826896
4.221173104
4.221173104
4.221173104
4.221173104
-4.118826896
-4.118826896
-4.118826896
-4.118826896
0.3511731044
0.3511731044
0.3511731044
0.3511731044
-0.09882689557
-0.09882689557
-0.09882689557
-0.09882689557
-5.508826896
-5.508826896
-5.508826896
-5.508826896
-5.518826896
-5.518826896
-5.518826896
-5.518826896
-5.318826896
-5.318826896
-5.318826896
-5.318826896
-5.318826896
-5.318826896
-5.318826896
-5.318826896
-5.318826896
-5.318826896
-5.318826896
-5.318826896
-5.318826896
-5.318826896
-5.318826896
-2.618826896
-2.808826896
-2.808826896
-2.808826896
-1.408826896
-1.498826896
-1.498826896
-1.498826896
-0.7288268956
-0.7288268956
-0.7288268956
-0.7288268956
0.4011731044
0.4011731044
0.4011731044
0.4011731044
1.221173104
1.221173104
1.221173104
1.221173104
7.941173104
7.941173104
7.941173104
7.941173104
2.941173104
2.941173104
2.941173104
2.941173104
8.411173104
8.411173104
8.411173104
8.411173104
2.441173104
2.441173104
2.441173104
2.441173104
1.761173104
1.761173104
1.761173104
1.761173104
1.321173104
1.321173104
1.321173104
1.321173104
0.5311731044
0.5311731044
0.5311731044
0.5311731044
0.5311731044
0.5311731044
0.5311731044
0.5311731044
0.5311731044
0.5311731044
0.5311731044
0.5311731044
0.5311731044
0.5311731044
0.5311731044
0.5311731044
0.5311731044
0.5311731044
0.5311731044
0.5311731044
0.5311731044
0.5311731044
0.5311731044
0.5311731044
-1.548826896
-1.548826896
-1.548826896
-1.548826896
-1.798826896
-1.798826896
-1.798826896
-1.798826896
-1.798826896
-1.798826896
-1.798826896
-1.798826896
0.6311731044
0.6311731044
0.6311731044
0.6311731044
-1.748826896
-1.748826896
-1.748826896
-1.748826896
-1.688826896
-1.688826896
-1.688826896
-1.688826896
-1.628826896
-1.628826896
-1.628826896
-1.628826896
-2.238826896
-2.238826896
-2.238826896
-2.238826896
-2.958826896
-2.958826896
-2.958826896
-2.958826896
-2.908826896
-2.908826896
-2.908826896
-2.908826896
-3.428826896
-3.428826896
-3.428826896
-3.428826896
-3.428826896
-3.428826896
-3.428826896
-3.428826896
-3.428826896
-3.428826896
-3.428826896
-3.428826896
-3.428826896
-3.428826896
-3.428826896
-3.428826896
-3.428826896
-3.428826896
-3.428826896
-5.688826896
-5.348826896
-5.348826896
-5.348826896
-5.838826896
-5.498826896
-5.498826896
-5.498826896
-5.038826896
-5.038826896
-5.038826896
-5.038826896
-4.578826896
-4.578826896
-4.578826896
-4.578826896
-3.788826896
-3.788826896
-3.788826896
-3.788826896
-2.868826896
-2.868826896
-2.868826896
-2.868826896
-1.818826896
-1.818826896
-1.818826896
-1.818826896
-0.5988268956
-0.5988268956
-0.5988268956
-0.5988268956
0.5611731044
0.5611731044
0.5611731044
0.5611731044
1.721173104
1.721173104
1.721173104
1.721173104
2.581173104
2.581173104
2.581173104
2.581173104
3.281173104
3.281173104
3.281173104
3.281173104
3.281173104
3.281173104
3.281173104
3.281173104
3.281173104
3.281173104
3.281173104
3.281173104
3.281173104
3.281173104
3.281173104
3.281173104
3.281173104
3.281173104
3.281173104
3.281173104
3.281173104
3.281173104
3.281173104
3.281173104
3.931173104
3.931173104
3.931173104
3.931173104
3.031173104
3.031173104
3.031173104
3.031173104
1.681173104
1.681173104
1.681173104
1.681173104
0.4411731044
0.4411731044
0.4411731044
0.4411731044
5.571173104
5.571173104
5.571173104
5.571173104
4.041173104
4.041173104
4.041173104
4.041173104
-3.828826896
-3.828826896
-3.828826896
-3.828826896
-4.928826896
-4.928826896
-4.928826896
-4.928826896
-6.228826896
-6.228826896
-6.228826896
-6.228826896
-6.818826896
-6.818826896
-6.818826896
-6.818826896
-7.608826896
-7.608826896
-7.608826896
-7.608826896
-7.608826896
-7.608826896
-7.608826896
-7.608826896
-7.608826896
-7.608826896
-7.608826896
-7.608826896
-7.608826896
-7.608826896
-7.608826896
-8.718826896
-9.078826896
-9.078826896
-9.078826896
-9.078826896
-9.198826896
-9.198826896
-9.198826896
-8.998826896
-8.998826896
-8.998826896
-8.998826896
-8.888826896
-8.888826896
-8.888826896
-8.888826896
-8.678826896
-8.678826896
-8.678826896
-8.678826896
-8.568826896
-8.568826896
-8.568826896
-8.568826896
-2.248826896
-2.248826896
-2.248826896
-2.248826896
-7.508826896
-7.508826896
-7.508826896
-7.508826896
-1.858826896
-1.858826896
-1.858826896
-1.858826896
-1.118826896
-1.118826896
-1.118826896
-1.118826896
-6.918826896
-6.918826896
-6.918826896
-6.918826896
-6.448826896
-6.448826896
-6.448826896
-6.448826896
-6.448826896
-6.448826896
-6.448826896
-6.448826896
-6.448826896
-6.448826896
-6.448826896
-6.448826896
-6.448826896
-6.448826896
-6.448826896
-6.448826896
-6.448826896
-6.448826896
-6.448826896
-6.448826896
-6.448826896
-6.448826896
-6.448826896
-6.448826896
-2.248826896
-2.248826896
-2.248826896
-2.248826896
-1.668826896
-1.668826896
-1.668826896
-1.668826896
-0.8388268956
-0.8388268956
-0.8388268956
-0.8388268956
0.1411731044
0.1411731044
0.1411731044
0.1411731044
5.831173104
5.831173104
5.831173104
5.831173104
8.301173104
8.301173104
8.301173104
8.301173104
2.811173104
2.811173104
2.811173104
2.811173104
4.011173104
4.011173104
4.011173104
4.011173104
4.991173104
4.991173104
4.991173104
4.991173104
6.331173104
6.331173104
6.331173104
6.331173104
6.331173104
6.331173104
6.331173104
6.331173104
6.331173104
6.331173104
6.331173104
6.331173104
6.331173104
6.331173104
6.331173104
6.331173104
6.331173104
6.331173104
6.331173104
7.891173104
8.101173104
8.101173104
8.101173104
7.591173104
7.641173104
7.641173104
7.641173104
6.991173104
6.991173104
6.991173104
6.991173104
6.991173104
6.991173104
6.991173104
6.991173104
7.041173104
7.041173104
7.041173104
7.041173104
6.911173104
6.911173104
6.911173104
6.911173104
6.961173104
6.961173104
6.961173104
6.961173104
7.011173104
7.011173104
7.011173104
7.011173104
7.121173104
7.121173104
7.121173104
7.121173104
8.101173104
8.101173104
8.101173104
8.101173104
8.341173104
8.341173104
8.341173104
8.341173104
8.341173104
8.341173104
8.341173104
8.341173104
8.341173104
8.341173104
8.341173104
8.341173104
8.341173104
8.341173104
8.341173104
8.341173104
8.341173104
8.341173104
8.341173104
8.341173104
8.341173104
8.341173104
8.341173104
8.341173104
8.341173104
8.341173104
8.341173104
8.341173104
9.471173104
9.471173104
9.471173104
9.471173104
8.611173104
8.611173104
8.611173104
1.961173104
1.961173104
1.961173104
1.961173104
2.401173104
2.401173104
2.401173104
2.401173104
2.341173104
2.341173104
2.341173104
2.341173104
2.631173104
2.631173104
2.631173104
2.631173104
2.301173104
2.301173104
2.301173104
2.301173104
13.2511731
13.2511731
13.2511731
13.2511731
1.691173104
1.691173104
1.691173104
1.691173104
1.691173104
1.691173104
1.691173104
1.691173104
1.691173104
1.691173104
1.691173104
1.691173104
1.691173104
1.691173104
1.691173104
1.691173104