0.5654411765
0.5654411765
-1.694558824
-1.694558824
-1.694558824
-1.694558824
-1.854558824
-1.854558824
-1.854558824
-1.854558824
-1.854558824
-2.174558824
-2.174558824
-2.174558824
-8.514558824
-8.634558824
-8.314558824
-8.314558824
-8.314558824
-8.314558824
-7.664558824
-7.664558824
-7.664558824
-7.664558824
-7.664558824
-7.664558824
-7.664558824
-12.05455882
-12.05455882
-12.05455882
-6.704558824
-6.704558824
-6.704558824
-6.704558824
-6.704558824
-6.704558824
-6.704558824
-6.704558824
-6.704558824
-6.704558824
-6.704558824
-6.124558824
-5.754558824
-5.754558824
-5.754558824
-5.754558824
-5.484558824
-5.484558824
-5.484558824
-5.484558824
-5.484558824
-5.174558824
-5.174558824
-5.174558824
-5.174558824
-3.384558824
-2.554558824
-2.554558824
-2.554558824
-2.554558824
-2.554558824
-2.184558824
-2.184558824
-2.184558824
-2.184558824
-1.954558824
-1.954558824
-1.954558824
-3.584558824
-3.584558824
-3.584558824
-3.584558824
-2.364558824
-2.364558824
-2.364558824
-2.364558824
-2.364558824
-2.364558824
-2.364558824
-2.364558824
-2.364558824
-2.094558824
-1.684558824
-1.684558824
-1.684558824
-1.684558824
-1.684558824
-1.684558824
-1.684558824
-1.444558824
-1.444558824
-1.444558824
-1.444558824
-1.444558824
-0.6345588235
-0.6345588235
0.9654411765
7.725441176
7.725441176
7.725441176
7.725441176
7.725441176
7.725441176
7.725441176
7.725441176
7.725441176
10.94544118
10.94544118
10.94544118
11.68544118
11.68544118
11.68544118
10.93544118
10.93544118
10.93544118
10.93544118
10.93544118
9.725441176
9.725441176
9.725441176
9.725441176
10.01544118
-6.844558824
-6.844558824
-2.724558824
-2.724558824
-2.724558824
-2.724558824
-2.724558824
3.405441176
3.405441176
3.405441176
3.405441176
2.735441176
2.735441176
2.735441176
2.665441176
-12.33455882
-12.33455882
-12.33455882
-6.704558824
-6.704558824
-6.704558824
-6.704558824
-6.654558824
-6.654558824
-6.654558824
-6.654558824
-6.654558824
-6.384558824
-12.26455882
0.7354411765
0.7354411765
0.7354411765
0.7354411765
0.7354411765
0.7354411765
0.7354411765
0.7354411765
0.7354411765
0.7354411765
0.7354411765
0.7354411765
0.7354411765
12.13544118
12.13544118
12.13544118
12.13544118
12.61544118
12.61544118
12.61544118
12.61544118
12.61544118
12.49544118
12.49544118
12.49544118
12.49544118
12.67544118
9.405441176
9.405441176
9.405441176
9.405441176
9.405441176
9.405441176
9.405441176
5.835441176
5.835441176
5.835441176
5.835441176
5.835441176
5.835441176
5.835441176
2.535441176
2.535441176
2.535441176
-2.234558824
-2.234558824
-2.234558824
-2.234558824
-2.234558824
-2.234558824
-2.234558824
-2.234558824
-2.234558824