-19.25371032
-19.25371032
-19.67371032
-19.67371032
-19.67371032
-19.67371032
-20.07371032
-20.07371032
-20.07371032
-20.07371032
-20.06371032
-20.06371032
-20.06371032
-20.06371032
-20.06371032
-20.06371032
-20.06371032
-20.06371032
-20.06371032
-20.06371032
-20.06371032
-20.06371032
-20.06371032
-20.06371032
-20.06371032
-20.06371032
-20.06371032
-20.06371032
-20.06371032
-21.33371032
-22.83371032
-22.83371032
-22.83371032
-23.44371032
-23.00371032
-23.00371032
-23.00371032
-22.59371032
-22.59371032
-22.59371032
-22.59371032
-22.56371032
-20.71371032
-20.71371032
-19.73371032
-19.73371032
-19.73371032
-19.73371032
-19.13371032
-19.13371032
-19.13371032
-19.13371032
-18.56371032
-18.56371032
-18.56371032
-18.56371032
-17.18371032
-17.18371032
-17.18371032
-17.18371032
-17.18371032
-17.18371032
-17.18371032
-17.18371032
-17.18371032
-17.18371032
-17.18371032
-17.18371032
-17.18371032
-17.18371032
-17.18371032
-17.18371032
-17.18371032
-17.18371032
-17.18371032
-17.18371032
-17.18371032
-17.18371032
-17.18371032
-17.18371032
-17.18371032
-17.18371032
-17.18371032
-17.18371032
-11.16371032
-11.16371032
-11.16371032
-11.16371032
-10.54371032
-10.54371032
-10.54371032
-10.54371032
-9.843710317
-9.843710317
-9.843710317
-9.843710317
-9.603710317
-9.603710317
-9.603710317
-9.603710317
-9.523710317
-9.523710317
-9.523710317
-9.523710317
-8.963710317
-8.963710317
-8.963710317
-8.963710317
-9.043710317
-9.043710317
-9.043710317
-9.043710317
-8.613710317
-8.613710317
-8.613710317
-8.613710317
-8.433710317
-8.433710317
-8.433710317
-8.433710317
-8.673710317
-8.673710317
-8.673710317
-8.673710317
-8.483710317
-8.483710317
-8.483710317
-8.483710317
-8.483710317
-8.483710317
-8.483710317
-8.483710317
-8.483710317
-8.483710317
-8.483710317
-8.483710317
-8.483710317
-8.483710317
-8.483710317
-8.743710317
-9.083710317
-9.083710317
-9.083710317
-8.823710317
-8.653710317
-8.653710317
-8.653710317
-3.813710317
-3.813710317
-3.813710317
-3.813710317
-0.5037103175
-0.5037103175
-0.5037103175
-0.5037103175
-7.723710317
-7.723710317
-7.723710317
-7.723710317
-3.933710317
-3.933710317
-3.933710317
-3.933710317
-6.983710317
-6.983710317
-6.983710317
-6.983710317
-6.303710317
-6.303710317
-6.303710317
-6.303710317
-5.883710317
-5.883710317
-5.883710317
-5.883710317
-5.583710317
-5.583710317
-5.583710317
-5.583710317
-5.173710317
-5.173710317
-5.173710317
-5.173710317
-4.883710317
-4.883710317
-4.883710317
-4.883710317
-4.883710317
-4.883710317
-4.883710317
-4.883710317
-4.883710317
-4.883710317
-4.883710317
-4.883710317
-4.883710317
-4.883710317
-4.883710317
-4.883710317
-4.883710317
-4.883710317
-4.883710317
-4.883710317
-4.883710317
-4.883710317
-4.883710317
-4.883710317
-3.313710317
-3.313710317
-3.313710317
-3.313710317
-2.133710317
-2.133710317
-2.133710317
-2.133710317
-1.443710317
-1.443710317
-1.443710317
-1.443710317
-0.6737103175
-0.6737103175
-0.6737103175
-0.6737103175
0.1962896825
0.1962896825
0.1962896825
0.1962896825
1.076289683
1.076289683
1.076289683
1.076289683
2.516289683
2.516289683
2.516289683
2.516289683
3.696289683
3.696289683
3.696289683
3.696289683
4.716289683
4.716289683
4.716289683
4.716289683
5.496289683
5.496289683
5.496289683
5.496289683
6.976289683
6.976289683
6.976289683
6.976289683
6.976289683
6.976289683
6.976289683
6.976289683
6.976289683
6.976289683
6.976289683
6.976289683
6.976289683
6.976289683
6.976289683
6.976289683
6.976289683
6.976289683
6.976289683
16.09628968
15.87628968
15.87628968
15.87628968
19.29628968
19.22628968
19.22628968
19.22628968
11.58628968
11.58628968
11.58628968
11.58628968
11.46628968
11.46628968
11.46628968
11.46628968
11.46628968
11.46628968
11.46628968
11.46628968
10.75628968
10.75628968
10.75628968
10.75628968
10.10628968
7.966289683
6.966289683
6.966289683
6.966289683
6.966289683
6.876289683
6.876289683
6.876289683
6.876289683
6.876289683
6.876289683
6.876289683
6.876289683
6.876289683
6.876289683
6.876289683
6.876289683
6.876289683
6.876289683
6.876289683
6.876289683
6.876289683
6.876289683
6.876289683
6.876289683
6.876289683
6.876289683
6.876289683
6.876289683
6.876289683
6.876289683
6.876289683
6.876289683
10.85628968
10.85628968
10.85628968
10.85628968
7.656289683
7.656289683
7.656289683
7.656289683
7.746289683
7.746289683
7.746289683
7.746289683
8.366289683
8.366289683
8.366289683
8.366289683
8.406289683
8.406289683
8.406289683
8.406289683
8.436289683
8.436289683
8.436289683
8.436289683
8.066289683
8.066289683
8.066289683
8.066289683
7.626289683
7.626289683
7.626289683
7.626289683
7.146289683
7.146289683
7.146289683
7.146289683
6.436289683
6.436289683
6.436289683
6.436289683
6.436289683
6.436289683
6.436289683
6.436289683
6.436289683
6.436289683
6.436289683
6.436289683
6.436289683
6.436289683
6.436289683
6.436289683
6.436289683
6.436289683
6.436289683
5.256289683
5.416289683
5.416289683
5.416289683
5.726289683
5.726289683
5.726289683
5.726289683
6.266289683
6.266289683
6.266289683
6.266289683
6.806289683
6.806289683
6.806289683
6.806289683
7.426289683
7.426289683
7.426289683
7.426289683
7.666289683
7.666289683
7.666289683
7.666289683
8.436289683
8.436289683
8.436289683
8.436289683
8.976289683
8.976289683
8.976289683
8.976289683
9.156289683
9.156289683
9.156289683
9.156289683
9.156289683
9.156289683
9.156289683
9.156289683
9.156289683
9.156289683
9.156289683
9.156289683
9.156289683
9.156289683
9.156289683
9.156289683
9.156289683
9.156289683
9.156289683
9.156289683
9.156289683
9.156289683
9.156289683
9.156289683
9.156289683
9.156289683
9.156289683
9.156289683
9.156289683
9.156289683
9.156289683
9.156289683
14.25628968
14.25628968
14.25628968
14.25628968
17.87628968
17.87628968
17.87628968
17.87628968
14.70628968
14.70628968
14.70628968
14.70628968
11.14628968
11.14628968
11.14628968
11.14628968
11.83628968
11.83628968
11.83628968
11.83628968
12.53628968
12.53628968
12.53628968
12.53628968
12.77628968
12.77628968
12.77628968
12.77628968
13.28628968
13.28628968
13.28628968
13.28628968
13.28628968
13.28628968
13.28628968
13.28628968
13.56628968
13.56628968
13.56628968
13.56628968
13.79628968
13.79628968
13.79628968
13.79628968
13.79628968
13.79628968
13.79628968
13.79628968
13.79628968
13.79628968
13.79628968
13.79628968
13.79628968
13.79628968
13.79628968
13.33628968
13.46628968
13.46628968
13.46628968
14.15628968
14.19628968