7.02010929
7.02010929
7.02010929
7.02010929
7.02010929
7.02010929
4.58010929
4.58010929
4.58010929
4.58010929
4.58010929
4.58010929
4.58010929
4.58010929
4.58010929
2.96010929
2.96010929
2.96010929
2.96010929
2.09010929
2.09010929
2.09010929
2.09010929
2.09010929
-7.98989071
2.01010929
2.01010929
2.01010929
2.01010929
2.01010929
2.01010929
2.01010929
2.01010929
2.01010929
2.01010929
2.01010929
2.01010929
2.01010929
2.01010929
2.01010929
2.01010929
2.01010929
2.01010929
2.01010929
2.01010929
8.42010929
8.42010929
8.42010929
8.42010929
10.58010929
10.58010929
10.58010929
10.58010929
10.58010929
4.55010929
4.55010929
4.55010929
4.55010929
12.06010929
12.06010929
12.06010929
12.06010929
12.06010929
12.95010929
12.95010929
12.95010929
12.95010929
14.23010929
14.23010929
14.23010929
14.23010929
14.23010929
14.23010929
14.23010929
14.23010929
14.23010929
14.23010929
14.23010929
14.23010929
14.23010929
14.23010929
14.23010929
14.23010929
14.23010929
14.23010929
14.23010929
14.23010929
14.23010929
14.23010929
14.23010929
14.23010929
14.23010929
14.23010929
14.23010929
14.23010929
14.23010929
-32.95989071
1.88010929
-0.1398907104
-0.1398907104
-0.1398907104
-0.1398907104
-0.2898907104
-0.5298907104
-0.5298907104
-0.5298907104
-0.5298907104
-0.9198907104
-0.9198907104
-0.9198907104
-0.9198907104
-0.9198907104
-0.9198907104
-0.9198907104
-0.9198907104
-0.9198907104
-0.9198907104
-0.9198907104
-0.9198907104
-0.9198907104
-0.9198907104
-0.9198907104
-0.9198907104
-0.9198907104
-0.9198907104
-0.9198907104
-0.9198907104
-0.9198907104
-0.9198907104
-0.9198907104
-4.07989071
-4.07989071
-4.07989071
-4.07989071
-4.07989071
-4.07989071
-4.07989071
-4.07989071
-4.07989071
-4.45989071
-2.84989071
-2.84989071
-2.84989071
-2.84989071
-2.84989071
-5.00989071
-5.00989071
-5.00989071
-5.00989071
-5.00989071
-8.26989071
-8.26989071
-8.26989071
-8.26989071
-6.07989071
-6.07989071
-6.07989071
-6.07989071
-6.07989071
-6.07989071
-6.07989071
-6.07989071
-6.07989071
-6.07989071
-6.07989071
-6.07989071
-6.07989071
-6.07989071
-6.07989071
-6.07989071
-6.07989071
-6.07989071
-6.07989071
-6.07989071
-6.07989071
-6.07989071
-6.07989071
-4.12989071
-4.12989071
-4.12989071
-4.12989071
-4.12989071
-4.12989071
-4.12989071
-4.12989071
-4.12989071
-4.06989071
-4.06989071
-4.06989071
-4.06989071
-3.90989071
-3.90989071
-3.90989071
-3.90989071
-3.90989071
-3.68989071
-3.68989071
-3.68989071
-3.68989071
-2.93989071
-2.93989071
-2.93989071
-2.93989071
-2.93989071
-2.93989071
-2.93989071
-2.93989071
-2.93989071
-1.72989071
-1.72989071
-1.72989071
-1.72989071
-1.72989071
-1.57989071
-1.57989071
-1.57989071
-1.57989071
-1.57989071
-0.8998907104
-0.8998907104
-0.8998907104
-0.8998907104
0.3701092896
0.3701092896
0.3701092896
0.3701092896
0.3701092896
0.3701092896
0.3701092896
0.3701092896
0.3701092896
0.3701092896
0.3701092896
0.3701092896
0.3701092896
0.3701092896
0.3701092896
0.3701092896
0.3701092896
0.3701092896
0.3701092896
0.3701092896
0.3701092896
0.3701092896
0.3701092896
1.71010929
1.71010929
1.71010929
1.71010929
1.71010929
1.71010929
1.71010929
1.71010929
1.71010929
1.71010929
1.71010929
1.71010929
1.71010929
1.48010929
1.48010929
1.48010929
1.48010929
1.48010929
1.48010929
1.48010929
1.48010929
1.48010929
1.11010929
1.11010929
1.11010929
1.11010929
1.11010929
1.20010929
1.20010929
1.20010929
1.20010929
0.6901092896
0.6901092896
0.6901092896
0.6901092896
0.6901092896
0.7801092896
0.7801092896
0.7801092896
0.7801092896
0.9201092896
-2.80989071
-2.80989071
-2.80989071
-2.80989071
-1.82989071
-1.82989071
-1.82989071
-1.82989071
-1.82989071
-1.82989071
-1.82989071
-1.82989071
-1.82989071
-1.82989071
-1.82989071
-1.82989071
-1.82989071
-1.82989071
-1.82989071
-1.82989071
-1.82989071
-1.82989071
-1.82989071
-1.82989071
-1.82989071
-36.68989071
-5.15989071
-5.15989071
-5.15989071
-5.15989071
-5.15989071
-6.36989071
-6.36989071
-6.36989071
-6.36989071
-6.59989071
-6.59989071
-6.59989071
-6.59989071
-6.59989071
-7.22989071
-7.22989071
-7.22989071
-7.22989071
-7.40989071
-8.07989071
-8.07989071
-8.07989071
-8.07989071
-8.28989071
-8.28989071
-8.28989071
-8.28989071
-8.28989071
-8.28989071
-8.28989071
-5.99989071
-5.99989071
-5.99989071
-5.99989071
-5.99989071
-5.99989071
-5.99989071
-5.99989071
-5.99989071
-4.13989071
-4.13989071
-4.13989071
-4.13989071
-2.18989071
-2.18989071
-2.18989071
-2.18989071
-2.18989071
-1.56989071
-1.56989071
-1.56989071
-1.56989071
-0.6198907104
-0.6198907104