2.972924528
2.972924528
2.972924528
-1.347075472
-1.347075472
-1.347075472
-1.347075472
3.282924528
3.282924528
3.282924528
3.282924528
-0.5470754717
-0.5470754717
-0.5470754717
-0.5470754717
-0.4670754717
-0.4670754717
-0.4670754717
-0.4670754717
-0.3270754717
-0.3270754717
-0.3270754717
-0.3270754717
0.0729245283
0.0729245283
0.0729245283
0.0729245283
0.2729245283
0.2729245283
0.2729245283
0.2729245283
0.4229245283
0.4229245283
0.4229245283
0.4229245283
0.4229245283
0.4229245283
0.3729245283
0.3729245283
0.3729245283
0.3729245283
0.4229245283
0.4229245283
0.4229245283
0.2729245283
0.2729245283
0.2729245283
0.2729245283
4.632924528
4.632924528
4.632924528
4.632924528
-0.7670754717
-0.7670754717
-0.7670754717
-0.7670754717
-1.387075472
-1.387075472
-1.387075472
-1.387075472
-1.937075472
-1.937075472
-1.937075472
-1.937075472
-2.227075472
-2.227075472
-2.227075472
-2.227075472
-2.237075472
-2.237075472
-2.237075472
-2.237075472
-1.667075472
-1.667075472
-1.667075472
-1.667075472
-1.507075472
-1.507075472
-1.507075472
-1.507075472
-1.127075472
-1.127075472
-1.127075472
9.002924528
9.002924528
9.002924528
9.002924528
4.922924528
4.922924528
4.922924528
4.922924528
5.312924528
5.312924528
5.312924528
-24.65707547
5.342924528
5.342924528
5.342924528
4.872924528
4.872924528
4.872924528
4.872924528
4.632924528
4.632924528
4.632924528
4.632924528
3.642924528
3.642924528
3.642924528
3.642924528
3.642924528
-0.9770754717
-0.6170754717
-0.6170754717
-0.6170754717
-1.777075472
-1.667075472
-1.667075472
-1.667075472
-1.557075472
-1.557075472
-1.557075472
-1.557075472
-0.8270754717
-0.8270754717
-0.8270754717
-0.8270754717
-1.277075472
-1.277075472
-1.277075472
-3.837075472
-3.837075472
-4.587075472
-4.587075472
-4.587075472
-4.587075472
-5.137075472
-5.137075472
-5.137075472
-5.137075472
-5.907075472
-5.907075472
-5.907075472
-5.907075472
-5.907075472
-5.907075472
-5.907075472
-5.907075472
-5.907075472
-5.907075472
-5.907075472
-5.907075472
-5.907075472
-5.907075472
-5.907075472
-2.787075472
-4.567075472
-4.567075472
-4.567075472
-4.567075472
-1.327075472
-1.327075472
-1.327075472
-1.327075472
-1.967075472
-1.967075472
-1.967075472
-9.947075472
-9.947075472
-9.947075472
-9.867075472
-9.867075472
-9.867075472
-9.867075472
-9.037075472
-9.037075472
-9.037075472
-9.037075472
-9.037075472
-9.037075472
-9.037075472
-9.037075472
-9.037075472
-9.037075472
-9.037075472
-9.037075472
-9.037075472
-9.037075472
-9.037075472
-4.287075472
-3.767075472
-6.887075472
-6.887075472
-6.887075472
-6.887075472
-6.887075472
-6.887075472
-6.887075472
-6.887075472
-6.177075472
-6.177075472
-6.177075472
-6.177075472
2.412924528
2.412924528
2.412924528
2.412924528
2.622924528
2.622924528
2.622924528
2.622924528
5.542924528
5.542924528
5.542924528
5.542924528
2.082924528
2.082924528
2.082924528
2.082924528
2.082924528
2.082924528
2.082924528
2.082924528
2.082924528
2.082924528
2.082924528
2.082924528
2.082924528
2.082924528
2.082924528
2.082924528
2.082924528
2.082924528
2.082924528
1.842924528
1.842924528
1.842924528
1.842924528
1.592924528
1.632924528
0.8029245283
0.3629245283
0.3629245283
0.3629245283
0.3629245283
0.1729245283
0.1729245283
0.1729245283
0.1729245283
-0.0570754717
-0.0570754717
-0.0570754717
-0.0570754717
5.502924528
5.502924528
5.502924528
5.502924528
6.232924528
6.232924528
6.232924528
6.232924528
0.7429245283
0.7429245283
0.7429245283
0.7429245283
0.7429245283
0.7429245283
0.7429245283
0.7429245283
0.7429245283
0.7429245283
5.942924528
5.942924528
5.942924528
5.942924528
7.092924528
7.092924528
7.362924528
7.362924528
7.362924528
7.362924528
6.842924528
6.842924528
6.842924528
6.842924528
5.592924528
5.592924528
5.592924528
5.592924528
9.352924528
9.352924528
9.352924528
9.352924528
3.392924528
3.392924528
3.392924528
3.392924528
10.36292453
10.36292453
10.36292453
10.36292453
10.36292453
10.36292453
-1.277075472
-1.057075472
-1.057075472
-1.057075472
-1.137075472
-1.137075472
-1.137075472
-1.137075472
0.9529245283
0.9529245283
0.9529245283
0.9529245283
0.9529245283
0.4629245283
0.4629245283